0	5.732858
1	5.721695
2	5.710030
3	5.697800
4	5.684940
5	5.671376
6	5.657026
7	5.641800
8	5.625597
9	5.608301
10	5.589785
11	5.569903
12	5.548486
13	5.525345
14	5.500259
15	5.472975
16	5.443200
17	5.410593
18	5.374755
19	5.335221
20	5.291448
21	5.242794
22	5.188511
23	5.127719
24	5.059392
25	4.982341
26	4.895203
27	4.796446
28	4.684401
29	4.557337
30	4.413605
31	4.251882
32	4.071527
33	3.873038
34	3.658533
35	3.432075
36	3.199629
37	2.968468
38	2.746079
39	2.538917
40	2.351454
41	2.185841
42	2.042158
43	1.919006
44	1.814149
45	1.725046
46	1.649191
47	1.584306
48	1.528413
49	1.479849
50	1.437237
51	1.399450
52	1.365572
53	1.334860
54	1.306708
55	1.280625
56	1.256210
57	1.233134
58	1.211128
59	1.189970
60	1.169477
61	1.149496
62	1.129904
63	1.110594
64	1.091483
65	1.072498
66	1.053582
67	1.034690
68	1.015784
69	0.996837
70	0.977828
71	0.958743
72	0.939575
73	0.920323
74	0.900988
75	0.881579
76	0.862107
77	0.842588
78	0.823039
79	0.803483
80	0.783943
81	0.764444
82	0.745015
83	0.725683
84	0.706477
85	0.687428
86	0.668564
87	0.649914
88	0.631507
89	0.613368
90	0.595524
91	0.577997
92	0.560810
93	0.543982
94	0.527529
95	0.511467
96	0.495808
97	0.480562
98	0.465737
99	0.451338
100	0.437369
101	0.423830
102	0.410721
103	0.398040
104	0.385782
105	0.373943
106	0.362515
107	0.351491
108	0.340863
109	0.330621
110	0.320755
111	0.311254
112	0.302108
113	0.293306
114	0.284837
115	0.276688
116	0.268849
117	0.261308
118	0.254055
119	0.247078
120	0.240367
121	0.233910
122	0.227699
123	0.221722
124	0.215969
125	0.210433
126	0.205103
127	0.199971
128	0.195028
129	0.190267
130	0.185679
131	0.181258
132	0.176995
133	0.172885
134	0.168921
135	0.165096
136	0.161405
137	0.157841
138	0.154400
139	0.151076
140	0.147864
141	0.144760
142	0.141759
143	0.138856
144	0.136048
145	0.133331
146	0.130701
147	0.128155
148	0.125688
149	0.123298
150	0.120982
151	0.118737
152	0.116560
153	0.114448
154	0.112399
155	0.110410
156	0.108479
157	0.106604
158	0.104783
159	0.103013
160	0.101293
161	0.099621
162	0.097995
163	0.096414
164	0.094875
165	0.093378
166	0.091920
167	0.090501
168	0.089119
169	0.087773
170	0.086461
171	0.085182
172	0.083936
173	0.082721
174	0.081535
175	0.080379
176	0.079251
177	0.078150
178	0.077075
179	0.076026
180	0.075001
181	0.074000
182	0.073022
183	0.072066
184	0.071132
185	0.070219
186	0.069327
187	0.068454
188	0.067600
189	0.066765
190	0.065947
191	0.065148
192	0.064365
193	0.063598
194	0.062848
195	0.062113
196	0.061393
197	0.060688
198	0.059997
199	0.059319
200	0.058656
201	0.058005
202	0.057367
203	0.056741
204	0.056128
205	0.055526
206	0.054936
207	0.054357
208	0.053788
209	0.053230
210	0.052683
211	0.052145
212	0.051617
213	0.051099
214	0.050590
215	0.050090
216	0.049598
217	0.049116
218	0.048642
219	0.048175
220	0.047717
221	0.047267
222	0.046824
223	0.046389
224	0.045961
225	0.045540
226	0.045126
227	0.044719
228	0.044318
229	0.043924
230	0.043536
231	0.043154
232	0.042778
233	0.042409
234	0.042045
235	0.041686
236	0.041333
237	0.040986
238	0.040643
239	0.040306
240	0.039974
241	0.039647
242	0.039325
243	0.039007
244	0.038695
245	0.038386
246	0.038082
247	0.037783
248	0.037488
249	0.037197
250	0.036910
251	0.036627
252	0.036348
253	0.036073
254	0.035802
255	0.035534
256	0.035270
257	0.035010
258	0.034753
259	0.034499
260	0.034249
261	0.034003
262	0.033759
263	0.033519
264	0.033282
265	0.033047
266	0.032816
267	0.032588
268	0.032363
269	0.032140
270	0.031921
271	0.031704
272	0.031490
273	0.031278
274	0.031069
275	0.030863
276	0.030659
277	0.030458
278	0.030259
279	0.030062
280	0.029868
281	0.029676
282	0.029487
283	0.029299
284	0.029114
285	0.028931
286	0.028750
287	0.028571
288	0.028394
289	0.028220
290	0.028047
291	0.027876
292	0.027707
293	0.027540
294	0.027375
295	0.027211
296	0.027050
297	0.026890
298	0.026732
299	0.026576
300	0.026421
301	0.026268
302	0.026117
303	0.025967
304	0.025819
305	0.025672
306	0.025527
307	0.025384
308	0.025242
309	0.025101
310	0.024962
311	0.024824
312	0.024688
313	0.024553
314	0.024420
315	0.024287
316	0.024156
317	0.024027
318	0.023899
319	0.023772
320	0.023646
321	0.023522
322	0.023398
323	0.023276
324	0.023155
325	0.023036
326	0.022917
327	0.022800
328	0.022683
329	0.022568
330	0.022454
331	0.022341
332	0.022229
333	0.022118
334	0.022008
335	0.021899
336	0.021791
337	0.021684
338	0.021578
339	0.021473
340	0.021369
341	0.021266
342	0.021164
343	0.021063
344	0.020963
345	0.020863
346	0.020765
347	0.020667
348	0.020570
349	0.020474
350	0.020379
351	0.020285
352	0.020191
353	0.020098
354	0.020007
355	0.019915
356	0.019825
357	0.019736
358	0.019647
359	0.019559
360	0.019471
361	0.019385
362	0.019299
363	0.019214
364	0.019129
365	0.019045
366	0.018962
367	0.018880
368	0.018798
369	0.018717
370	0.018637
371	0.018557
372	0.018478
373	0.018399
374	0.018321
375	0.018244
376	0.018168
377	0.018092
378	0.018016
379	0.017941
380	0.017867
381	0.017793
382	0.017720
383	0.017648
384	0.017576
385	0.017504
386	0.017433
387	0.017363
388	0.017293
389	0.017224
390	0.017155
391	0.017087
392	0.017019
393	0.016952
394	0.016885
395	0.016819
396	0.016753
397	0.016688
398	0.016623
399	0.016559
400	0.016495
401	0.016431
402	0.016368
403	0.016306
404	0.016244
405	0.016182
406	0.016121
407	0.016060
408	0.016000
409	0.015940
410	0.015881
411	0.015822
412	0.015763
413	0.015705
414	0.015647
415	0.015590
416	0.015533
417	0.015476
418	0.015420
419	0.015364
420	0.015309
421	0.015254
422	0.015199
423	0.015145
424	0.015091
425	0.015037
426	0.014984
427	0.014931
428	0.014879
429	0.014826
430	0.014775
431	0.014723
432	0.014672
433	0.014621
434	0.014571
435	0.014520
436	0.014471
437	0.014421
438	0.014372
439	0.014323
440	0.014274
441	0.014226
442	0.014178
443	0.014131
444	0.014083
445	0.014036
446	0.013990
447	0.013943
448	0.013897
449	0.013851
450	0.013806
451	0.013760
452	0.013715
453	0.013671
454	0.013626
455	0.013582
456	0.013538
457	0.013494
458	0.013451
459	0.013408
460	0.013365
461	0.013322
462	0.013280
463	0.013238
464	0.013196
465	0.013155
466	0.013113
467	0.013072
468	0.013031
469	0.012991
470	0.012951
471	0.012910
472	0.012871
473	0.012831
474	0.012791
475	0.012752
476	0.012713
477	0.012675
478	0.012636
479	0.012598
480	0.012560
481	0.012522
482	0.012484
483	0.012447
484	0.012410
485	0.012373
486	0.012336
487	0.012299
488	0.012263
489	0.012227
490	0.012191
491	0.012155
492	0.012120
493	0.012084
494	0.012049
495	0.012014
496	0.011979
497	0.011945
498	0.011910
499	0.011876
500	0.011842
501	0.011808
502	0.011775
503	0.011741
504	0.011708
505	0.011675
506	0.011642
507	0.011609
508	0.011576
509	0.011544
510	0.011512
511	0.011480
512	0.011448
513	0.011416
514	0.011384
515	0.011353
516	0.011322
517	0.011291
518	0.011260
519	0.011229
520	0.011199
521	0.011168
522	0.011138
523	0.011108
524	0.011078
525	0.011048
526	0.011018
527	0.010989
528	0.010959
529	0.010930
530	0.010901
531	0.010872
532	0.010844
533	0.010815
534	0.010786
535	0.010758
536	0.010730
537	0.010702
538	0.010674
539	0.010646
540	0.010619
541	0.010591
542	0.010564
543	0.010537
544	0.010509
545	0.010483
546	0.010456
547	0.010429
548	0.010402
549	0.010376
550	0.010350
551	0.010324
552	0.010297
553	0.010272
554	0.010246
555	0.010220
556	0.010195
557	0.010169
558	0.010144
559	0.010119
560	0.010094
561	0.010069
562	0.010044
563	0.010019
564	0.009994
565	0.009970
566	0.009946
567	0.009921
568	0.009897
569	0.009873
570	0.009849
571	0.009825
572	0.009802
573	0.009778
574	0.009755
575	0.009731
576	0.009708
577	0.009685
578	0.009662
579	0.009639
580	0.009616
581	0.009593
582	0.009571
583	0.009548
584	0.009526
585	0.009503
586	0.009481
587	0.009459
588	0.009437
589	0.009415
590	0.009393
591	0.009371
592	0.009350
593	0.009328
594	0.009307
595	0.009285
596	0.009264
597	0.009243
598	0.009222
599	0.009201
600	0.009180
601	0.009159
602	0.009138
603	0.009118
604	0.009097
605	0.009077
606	0.009056
607	0.009036
608	0.009016
609	0.008996
610	0.008976
611	0.008956
612	0.008936
613	0.008916
614	0.008896
615	0.008877
616	0.008857
617	0.008838
618	0.008818
619	0.008799
620	0.008780
621	0.008761
622	0.008742
623	0.008723
624	0.008704
625	0.008685
626	0.008667
627	0.008648
628	0.008629
629	0.008611
630	0.008592
631	0.008574
632	0.008556
633	0.008538
634	0.008520
635	0.008501
636	0.008484
637	0.008466
638	0.008448
639	0.008430
640	0.008412
641	0.008395
642	0.008377
643	0.008360
644	0.008342
645	0.008325
646	0.008308
647	0.008291
648	0.008273
649	0.008256
650	0.008239
651	0.008223
652	0.008206
653	0.008189
654	0.008172
655	0.008156
656	0.008139
657	0.008122
658	0.008106
659	0.008090
660	0.008073
661	0.008057
662	0.008041
663	0.008025
664	0.008008
665	0.007992
666	0.007977
667	0.007961
668	0.007945
669	0.007929
670	0.007913
671	0.007898
672	0.007882
673	0.007866
674	0.007851
675	0.007836
676	0.007820
677	0.007805
678	0.007790
679	0.007774
680	0.007759
681	0.007744
682	0.007729
683	0.007714
684	0.007699
685	0.007685
686	0.007670
687	0.007655
688	0.007640
689	0.007626
690	0.007611
691	0.007597
692	0.007582
693	0.007568
694	0.007553
695	0.007539
696	0.007525
697	0.007510
698	0.007496
699	0.007482
700	0.007468
701	0.007454
702	0.007440
703	0.007426
704	0.007412
705	0.007399
706	0.007385
707	0.007371
708	0.007357
709	0.007344
710	0.007330
711	0.007317
712	0.007303
713	0.007290
714	0.007276
715	0.007263
716	0.007250
717	0.007237
718	0.007223
719	0.007210
720	0.007197
721	0.007184
722	0.007171
723	0.007158
724	0.007145
725	0.007132
726	0.007120
727	0.007107
728	0.007094
729	0.007081
730	0.007069
731	0.007056
732	0.007044
733	0.007031
734	0.007019
735	0.007006
736	0.006994
737	0.006981
738	0.006969
739	0.006957
740	0.006945
741	0.006932
742	0.006920
743	0.006908
744	0.006896
745	0.006884
746	0.006872
747	0.006860
748	0.006848
749	0.006836
750	0.006825
751	0.006813
752	0.006801
753	0.006789
754	0.006778
755	0.006766
756	0.006755
757	0.006743
758	0.006731
759	0.006720
760	0.006709
761	0.006697
762	0.006686
763	0.006675
764	0.006663
765	0.006652
766	0.006641
767	0.006630
768	0.006618
769	0.006607
770	0.006596
771	0.006585
772	0.006574
773	0.006563
774	0.006552
775	0.006541
776	0.006531
777	0.006520
778	0.006509
779	0.006498
780	0.006488
781	0.006477
782	0.006466
783	0.006456
784	0.006445
785	0.006434
786	0.006424
787	0.006413
788	0.006403
789	0.006393
790	0.006382
791	0.006372
792	0.006362
793	0.006351
794	0.006341
795	0.006331
796	0.006321
797	0.006310
798	0.006300
799	0.006290
800	0.006280
801	0.006270
802	0.006260
803	0.006250
804	0.006240
805	0.006230
806	0.006220
807	0.006210
808	0.006201
809	0.006191
810	0.006181
811	0.006171
812	0.006162
813	0.006152
814	0.006142
815	0.006133
816	0.006123
817	0.006114
818	0.006104
819	0.006095
820	0.006085
821	0.006076
822	0.006066
823	0.006057
824	0.006047
825	0.006038
826	0.006029
827	0.006020
828	0.006010
829	0.006001
830	0.005992
831	0.005983
832	0.005974
833	0.005964
834	0.005955
835	0.005946
836	0.005937
837	0.005928
838	0.005919
839	0.005910
840	0.005901
841	0.005893
842	0.005884
843	0.005875
844	0.005866
845	0.005857
846	0.005848
847	0.005840
848	0.005831
849	0.005822
850	0.005814
851	0.005805
852	0.005796
853	0.005788
854	0.005779
855	0.005771
856	0.005762
857	0.005754
858	0.005745
859	0.005737
860	0.005728
861	0.005720
862	0.005711
863	0.005703
864	0.005695
865	0.005686
866	0.005678
867	0.005670
868	0.005662
869	0.005653
870	0.005645
871	0.005637
872	0.005629
873	0.005621
874	0.005613
875	0.005605
876	0.005597
877	0.005589
878	0.005581
879	0.005573
880	0.005565
881	0.005557
882	0.005549
883	0.005541
884	0.005533
885	0.005525
886	0.005517
887	0.005509
888	0.005502
889	0.005494
890	0.005486
891	0.005478
892	0.005471
893	0.005463
894	0.005455
895	0.005448
896	0.005440
897	0.005432
898	0.005425
899	0.005417
900	0.005410
901	0.005402
902	0.005395
903	0.005387
904	0.005380
905	0.005372
906	0.005365
907	0.005357
908	0.005350
909	0.005343
910	0.005335
911	0.005328
912	0.005321
913	0.005313
914	0.005306
915	0.005299
916	0.005292
917	0.005284
918	0.005277
919	0.005270
920	0.005263
921	0.005256
922	0.005249
923	0.005242
924	0.005235
925	0.005227
926	0.005220
927	0.005213
928	0.005206
929	0.005199
930	0.005192
931	0.005186
932	0.005179
933	0.005172
934	0.005165
935	0.005158
936	0.005151
937	0.005144
938	0.005137
939	0.005131
940	0.005124
941	0.005117
942	0.005110
943	0.005103
944	0.005097
945	0.005090
946	0.005083
947	0.005077
948	0.005070
949	0.005063
950	0.005057
951	0.005050
952	0.005044
953	0.005037
954	0.005030
955	0.005024
956	0.005017
957	0.005011
958	0.005004
959	0.004998
960	0.004991
961	0.004985
962	0.004979
963	0.004972
964	0.004966
965	0.004959
966	0.004953
967	0.004947
968	0.004940
969	0.004934
970	0.004928
971	0.004922
972	0.004915
973	0.004909
974	0.004903
975	0.004897
976	0.004890
977	0.004884
978	0.004878
979	0.004872
980	0.004866
981	0.004860
982	0.004853
983	0.004847
984	0.004841
985	0.004835
986	0.004829
987	0.004823
988	0.004817
989	0.004811
990	0.004805
991	0.004799
992	0.004793
993	0.004787
994	0.004781
995	0.004775
996	0.004769
997	0.004763
998	0.004758
999	0.004752
1000	0.004746
1001	0.004740
1002	0.004734
1003	0.004728
1004	0.004723
1005	0.004717
1006	0.004711
1007	0.004705
1008	0.004700
1009	0.004694
1010	0.004688
1011	0.004682
1012	0.004677
1013	0.004671
1014	0.004665
1015	0.004660
1016	0.004654
1017	0.004648
1018	0.004643
1019	0.004637
1020	0.004632
1021	0.004626
1022	0.004621
1023	0.004615
1024	0.004609
1025	0.004604
1026	0.004598
1027	0.004593
1028	0.004587
1029	0.004582
1030	0.004577
1031	0.004571
1032	0.004566
1033	0.004560
1034	0.004555
1035	0.004549
1036	0.004544
1037	0.004539
1038	0.004533
1039	0.004528
1040	0.004523
1041	0.004517
1042	0.004512
1043	0.004507
1044	0.004501
1045	0.004496
1046	0.004491
1047	0.004486
1048	0.004480
1049	0.004475
1050	0.004470
1051	0.004465
1052	0.004460
1053	0.004454
1054	0.004449
1055	0.004444
1056	0.004439
1057	0.004434
1058	0.004429
1059	0.004424
1060	0.004418
1061	0.004413
1062	0.004408
1063	0.004403
1064	0.004398
1065	0.004393
1066	0.004388
1067	0.004383
1068	0.004378
1069	0.004373
1070	0.004368
1071	0.004363
1072	0.004358
1073	0.004353
1074	0.004348
1075	0.004343
1076	0.004338
1077	0.004334
1078	0.004329
1079	0.004324
1080	0.004319
1081	0.004314
1082	0.004309
1083	0.004304
1084	0.004299
1085	0.004295
1086	0.004290
1087	0.004285
1088	0.004280
1089	0.004275
1090	0.004271
1091	0.004266
1092	0.004261
1093	0.004256
1094	0.004252
1095	0.004247
1096	0.004242
1097	0.004238
1098	0.004233
1099	0.004228
1100	0.004224
1101	0.004219
1102	0.004214
1103	0.004210
1104	0.004205
1105	0.004200
1106	0.004196
1107	0.004191
1108	0.004187
1109	0.004182
1110	0.004177
1111	0.004173
1112	0.004168
1113	0.004164
1114	0.004159
1115	0.004155
1116	0.004150
1117	0.004146
1118	0.004141
1119	0.004137
1120	0.004132
1121	0.004128
1122	0.004123
1123	0.004119
1124	0.004114
1125	0.004110
1126	0.004106
1127	0.004101
1128	0.004097
1129	0.004092
1130	0.004088
1131	0.004084
1132	0.004079
1133	0.004075
1134	0.004071
1135	0.004066
1136	0.004062
1137	0.004058
1138	0.004053
1139	0.004049
1140	0.004045
1141	0.004040
1142	0.004036
1143	0.004032
1144	0.004028
1145	0.004023
1146	0.004019
1147	0.004015
1148	0.004011
1149	0.004006
1150	0.004002
1151	0.003998
1152	0.003994
1153	0.003990
1154	0.003985
1155	0.003981
1156	0.003977
1157	0.003973
1158	0.003969
1159	0.003965
1160	0.003961
1161	0.003957
1162	0.003952
1163	0.003948
1164	0.003944
1165	0.003940
1166	0.003936
1167	0.003932
1168	0.003928
1169	0.003924
1170	0.003920
1171	0.003916
1172	0.003912
1173	0.003908
1174	0.003904
1175	0.003900
1176	0.003896
1177	0.003892
1178	0.003888
1179	0.003884
1180	0.003880
1181	0.003876
1182	0.003872
1183	0.003868
1184	0.003864
1185	0.003860
1186	0.003856
1187	0.003852
1188	0.003849
1189	0.003845
1190	0.003841
1191	0.003837
1192	0.003833
1193	0.003829
1194	0.003825
1195	0.003821
1196	0.003818
1197	0.003814
1198	0.003810
1199	0.003806
1200	0.003802
1201	0.003799
1202	0.003795
1203	0.003791
1204	0.003787
1205	0.003783
1206	0.003780
1207	0.003776
1208	0.003772
1209	0.003768
1210	0.003765
1211	0.003761
1212	0.003757
1213	0.003754
1214	0.003750
1215	0.003746
1216	0.003742
1217	0.003739
1218	0.003735
1219	0.003731
1220	0.003728
1221	0.003724
1222	0.003720
1223	0.003717
1224	0.003713
1225	0.003710
1226	0.003706
1227	0.003702
1228	0.003699
1229	0.003695
1230	0.003691
1231	0.003688
1232	0.003684
1233	0.003681
1234	0.003677
1235	0.003674
1236	0.003670
1237	0.003667
1238	0.003663
1239	0.003659
1240	0.003656
1241	0.003652
1242	0.003649
1243	0.003645
1244	0.003642
1245	0.003638
1246	0.003635
1247	0.003631
1248	0.003628
1249	0.003624
1250	0.003621
1251	0.003618
1252	0.003614
1253	0.003611
1254	0.003607
1255	0.003604
1256	0.003600
1257	0.003597
1258	0.003594
1259	0.003590
1260	0.003587
1261	0.003583
1262	0.003580
1263	0.003577
1264	0.003573
1265	0.003570
1266	0.003566
1267	0.003563
1268	0.003560
1269	0.003556
1270	0.003553
1271	0.003550
1272	0.003546
1273	0.003543
1274	0.003540
1275	0.003537
1276	0.003533
1277	0.003530
1278	0.003527
1279	0.003523
1280	0.003520
1281	0.003517
1282	0.003514
1283	0.003510
1284	0.003507
1285	0.003504
1286	0.003501
1287	0.003497
1288	0.003494
1289	0.003491
1290	0.003488
1291	0.003484
1292	0.003481
1293	0.003478
1294	0.003475
1295	0.003472
1296	0.003468
1297	0.003465
1298	0.003462
1299	0.003459
1300	0.003456
1301	0.003453
1302	0.003449
1303	0.003446
1304	0.003443
1305	0.003440
1306	0.003437
1307	0.003434
1308	0.003431
1309	0.003428
1310	0.003424
1311	0.003421
1312	0.003418
1313	0.003415
1314	0.003412
1315	0.003409
1316	0.003406
1317	0.003403
1318	0.003400
1319	0.003397
1320	0.003394
1321	0.003391
1322	0.003388
1323	0.003385
1324	0.003382
1325	0.003379
1326	0.003376
1327	0.003372
1328	0.003369
1329	0.003366
1330	0.003363
1331	0.003360
1332	0.003358
1333	0.003355
1334	0.003352
1335	0.003349
1336	0.003346
1337	0.003343
1338	0.003340
1339	0.003337
1340	0.003334
1341	0.003331
1342	0.003328
1343	0.003325
1344	0.003322
1345	0.003319
1346	0.003316
1347	0.003313
1348	0.003310
1349	0.003307
1350	0.003305
1351	0.003302
1352	0.003299
1353	0.003296
1354	0.003293
1355	0.003290
1356	0.003287
1357	0.003284
1358	0.003282
1359	0.003279
1360	0.003276
1361	0.003273
1362	0.003270
1363	0.003267
1364	0.003265
1365	0.003262
1366	0.003259
1367	0.003256
1368	0.003253
1369	0.003250
1370	0.003248
1371	0.003245
1372	0.003242
1373	0.003239
1374	0.003237
1375	0.003234
1376	0.003231
1377	0.003228
1378	0.003225
1379	0.003223
1380	0.003220
1381	0.003217
1382	0.003214
1383	0.003212
1384	0.003209
1385	0.003206
1386	0.003203
1387	0.003201
1388	0.003198
1389	0.003195
1390	0.003193
1391	0.003190
1392	0.003187
1393	0.003185
1394	0.003182
1395	0.003179
1396	0.003176
1397	0.003174
1398	0.003171
1399	0.003168
1400	0.003166
1401	0.003163
1402	0.003160
1403	0.003158
1404	0.003155
1405	0.003153
1406	0.003150
1407	0.003147
1408	0.003145
1409	0.003142
1410	0.003139
1411	0.003137
1412	0.003134
1413	0.003132
1414	0.003129
1415	0.003126
1416	0.003124
1417	0.003121
1418	0.003119
1419	0.003116
1420	0.003113
1421	0.003111
1422	0.003108
1423	0.003106
1424	0.003103
1425	0.003101
1426	0.003098
1427	0.003095
1428	0.003093
1429	0.003090
1430	0.003088
1431	0.003085
1432	0.003083
1433	0.003080
1434	0.003078
1435	0.003075
1436	0.003073
1437	0.003070
1438	0.003068
1439	0.003065
1440	0.003063
1441	0.003060
1442	0.003058
1443	0.003055
1444	0.003053
1445	0.003050
1446	0.003048
1447	0.003045
1448	0.003043
1449	0.003040
1450	0.003038
1451	0.003035
1452	0.003033
1453	0.003031
1454	0.003028
1455	0.003026
1456	0.003023
1457	0.003021
1458	0.003018
1459	0.003016
1460	0.003013
1461	0.003011
1462	0.003009
1463	0.003006
1464	0.003004
1465	0.003001
1466	0.002999
1467	0.002997
1468	0.002994
1469	0.002992
1470	0.002989
1471	0.002987
1472	0.002985
1473	0.002982
1474	0.002980
1475	0.002978
1476	0.002975
1477	0.002973
1478	0.002971
1479	0.002968
1480	0.002966
1481	0.002964
1482	0.002961
1483	0.002959
1484	0.002957
1485	0.002954
1486	0.002952
1487	0.002950
1488	0.002947
1489	0.002945
1490	0.002943
1491	0.002940
1492	0.002938
1493	0.002936
1494	0.002933
1495	0.002931
1496	0.002929
1497	0.002927
1498	0.002924
1499	0.002922
1500	0.002920
1501	0.002917
1502	0.002915
1503	0.002913
1504	0.002911
1505	0.002908
1506	0.002906
1507	0.002904
1508	0.002902
1509	0.002899
1510	0.002897
1511	0.002895
1512	0.002893
1513	0.002890
1514	0.002888
1515	0.002886
1516	0.002884
1517	0.002881
1518	0.002879
1519	0.002877
1520	0.002875
1521	0.002873
1522	0.002870
1523	0.002868
1524	0.002866
1525	0.002864
1526	0.002862
1527	0.002859
1528	0.002857
1529	0.002855
1530	0.002853
1531	0.002851
1532	0.002849
1533	0.002846
1534	0.002844
1535	0.002842
1536	0.002840
1537	0.002838
1538	0.002836
1539	0.002834
1540	0.002831
1541	0.002829
1542	0.002827
1543	0.002825
1544	0.002823
1545	0.002821
1546	0.002819
1547	0.002816
1548	0.002814
1549	0.002812
1550	0.002810
1551	0.002808
1552	0.002806
1553	0.002804
1554	0.002802
1555	0.002800
1556	0.002798
1557	0.002795
1558	0.002793
1559	0.002791
1560	0.002789
1561	0.002787
1562	0.002785
1563	0.002783
1564	0.002781
1565	0.002779
1566	0.002777
1567	0.002775
1568	0.002773
1569	0.002771
1570	0.002769
1571	0.002766
1572	0.002764
1573	0.002762
1574	0.002760
1575	0.002758
1576	0.002756
1577	0.002754
1578	0.002752
1579	0.002750
1580	0.002748
1581	0.002746
1582	0.002744
1583	0.002742
1584	0.002740
1585	0.002738
1586	0.002736
1587	0.002734
1588	0.002732
1589	0.002730
1590	0.002728
1591	0.002726
1592	0.002724
1593	0.002722
1594	0.002720
1595	0.002718
1596	0.002716
1597	0.002714
1598	0.002712
1599	0.002710
1600	0.002708
1601	0.002706
1602	0.002704
1603	0.002702
1604	0.002700
1605	0.002699
1606	0.002697
1607	0.002695
1608	0.002693
1609	0.002691
1610	0.002689
1611	0.002687
1612	0.002685
1613	0.002683
1614	0.002681
1615	0.002679
1616	0.002677
1617	0.002675
1618	0.002673
1619	0.002671
1620	0.002670
1621	0.002668
1622	0.002666
1623	0.002664
1624	0.002662
1625	0.002660
1626	0.002658
1627	0.002656
1628	0.002654
1629	0.002652
1630	0.002651
1631	0.002649
1632	0.002647
1633	0.002645
1634	0.002643
1635	0.002641
1636	0.002639
1637	0.002637
1638	0.002636
1639	0.002634
1640	0.002632
1641	0.002630
1642	0.002628
1643	0.002626
1644	0.002624
1645	0.002623
1646	0.002621
1647	0.002619
1648	0.002617
1649	0.002615
1650	0.002613
1651	0.002612
1652	0.002610
1653	0.002608
1654	0.002606
1655	0.002604
1656	0.002602
1657	0.002601
1658	0.002599
1659	0.002597
1660	0.002595
1661	0.002593
1662	0.002592
1663	0.002590
1664	0.002588
1665	0.002586
1666	0.002584
1667	0.002583
1668	0.002581
1669	0.002579
1670	0.002577
1671	0.002576
1672	0.002574
1673	0.002572
1674	0.002570
1675	0.002568
1676	0.002567
1677	0.002565
1678	0.002563
1679	0.002561
1680	0.002560
1681	0.002558
1682	0.002556
1683	0.002554
1684	0.002553
1685	0.002551
1686	0.002549
1687	0.002547
1688	0.002546
1689	0.002544
1690	0.002542
1691	0.002540
1692	0.002539
1693	0.002537
1694	0.002535
1695	0.002533
1696	0.002532
1697	0.002530
1698	0.002528
1699	0.002527
1700	0.002525
1701	0.002523
1702	0.002521
1703	0.002520
1704	0.002518
1705	0.002516
1706	0.002515
1707	0.002513
1708	0.002511
1709	0.002510
1710	0.002508
1711	0.002506
1712	0.002504
1713	0.002503
1714	0.002501
1715	0.002499
1716	0.002498
1717	0.002496
1718	0.002494
1719	0.002493
1720	0.002491
1721	0.002489
1722	0.002488
1723	0.002486
1724	0.002484
1725	0.002483
1726	0.002481
1727	0.002479
1728	0.002478
1729	0.002476
1730	0.002474
1731	0.002473
1732	0.002471
1733	0.002470
1734	0.002468
1735	0.002466
1736	0.002465
1737	0.002463
1738	0.002461
1739	0.002460
1740	0.002458
1741	0.002456
1742	0.002455
1743	0.002453
1744	0.002452
1745	0.002450
1746	0.002448
1747	0.002447
1748	0.002445
1749	0.002444
1750	0.002442
1751	0.002440
1752	0.002439
1753	0.002437
1754	0.002436
1755	0.002434
1756	0.002432
1757	0.002431
1758	0.002429
1759	0.002428
1760	0.002426
1761	0.002424
1762	0.002423
1763	0.002421
1764	0.002420
1765	0.002418
1766	0.002417
1767	0.002415
1768	0.002413
1769	0.002412
1770	0.002410
1771	0.002409
1772	0.002407
1773	0.002406
1774	0.002404
1775	0.002402
1776	0.002401
1777	0.002399
1778	0.002398
1779	0.002396
1780	0.002395
1781	0.002393
1782	0.002392
1783	0.002390
1784	0.002389
1785	0.002387
1786	0.002385
1787	0.002384
1788	0.002382
1789	0.002381
1790	0.002379
1791	0.002378
1792	0.002376
1793	0.002375
1794	0.002373
1795	0.002372
1796	0.002370
1797	0.002369
1798	0.002367
1799	0.002366
1800	0.002364
1801	0.002363
1802	0.002361
1803	0.002360
1804	0.002358
1805	0.002357
1806	0.002355
1807	0.002354
1808	0.002352
1809	0.002351
1810	0.002349
1811	0.002348
1812	0.002346
1813	0.002345
1814	0.002343
1815	0.002342
1816	0.002340
1817	0.002339
1818	0.002337
1819	0.002336
1820	0.002334
1821	0.002333
1822	0.002332
1823	0.002330
1824	0.002329
1825	0.002327
1826	0.002326
1827	0.002324
1828	0.002323
1829	0.002321
1830	0.002320
1831	0.002318
1832	0.002317
1833	0.002315
1834	0.002314
1835	0.002313
1836	0.002311
1837	0.002310
1838	0.002308
1839	0.002307
1840	0.002305
1841	0.002304
1842	0.002303
1843	0.002301
1844	0.002300
1845	0.002298
1846	0.002297
1847	0.002295
1848	0.002294
1849	0.002293
1850	0.002291
1851	0.002290
1852	0.002288
1853	0.002287
1854	0.002285
1855	0.002284
1856	0.002283
1857	0.002281
1858	0.002280
1859	0.002278
1860	0.002277
1861	0.002276
1862	0.002274
1863	0.002273
1864	0.002271
1865	0.002270
1866	0.002269
1867	0.002267
1868	0.002266
1869	0.002265
1870	0.002263
1871	0.002262
1872	0.002260
1873	0.002259
1874	0.002258
1875	0.002256
1876	0.002255
1877	0.002254
1878	0.002252
1879	0.002251
1880	0.002249
1881	0.002248
1882	0.002247
1883	0.002245
1884	0.002244
1885	0.002243
1886	0.002241
1887	0.002240
1888	0.002239
1889	0.002237
1890	0.002236
1891	0.002234
1892	0.002233
1893	0.002232
1894	0.002230
1895	0.002229
1896	0.002228
1897	0.002226
1898	0.002225
1899	0.002224
1900	0.002222
1901	0.002221
1902	0.002220
1903	0.002218
1904	0.002217
1905	0.002216
1906	0.002214
1907	0.002213
1908	0.002212
1909	0.002210
1910	0.002209
1911	0.002208
1912	0.002206
1913	0.002205
1914	0.002204
1915	0.002203
1916	0.002201
1917	0.002200
1918	0.002199
1919	0.002197
1920	0.002196
1921	0.002195
1922	0.002193
1923	0.002192
1924	0.002191
1925	0.002189
1926	0.002188
1927	0.002187
1928	0.002186
1929	0.002184
1930	0.002183
1931	0.002182
1932	0.002180
1933	0.002179
1934	0.002178
1935	0.002177
1936	0.002175
1937	0.002174
1938	0.002173
1939	0.002171
1940	0.002170
1941	0.002169
1942	0.002168
1943	0.002166
1944	0.002165
1945	0.002164
1946	0.002163
1947	0.002161
1948	0.002160
1949	0.002159
1950	0.002158
1951	0.002156
1952	0.002155
1953	0.002154
1954	0.002153
1955	0.002151
1956	0.002150
1957	0.002149
1958	0.002147
1959	0.002146
1960	0.002145
1961	0.002144
1962	0.002143
1963	0.002141
1964	0.002140
1965	0.002139
1966	0.002138
1967	0.002136
1968	0.002135
1969	0.002134
1970	0.002133
1971	0.002131
1972	0.002130
1973	0.002129
1974	0.002128
1975	0.002126
1976	0.002125
1977	0.002124
1978	0.002123
1979	0.002122
1980	0.002120
1981	0.002119
1982	0.002118
1983	0.002117
1984	0.002116
1985	0.002114
1986	0.002113
1987	0.002112
1988	0.002111
1989	0.002109
1990	0.002108
1991	0.002107
1992	0.002106
1993	0.002105
1994	0.002103
1995	0.002102
1996	0.002101
1997	0.002100
1998	0.002099
1999	0.002097
2000	0.002096
2001	0.002095
2002	0.002094
2003	0.002093
2004	0.002092
2005	0.002090
2006	0.002089
2007	0.002088
2008	0.002087
2009	0.002086
2010	0.002084
2011	0.002083
2012	0.002082
2013	0.002081
2014	0.002080
2015	0.002079
2016	0.002077
2017	0.002076
2018	0.002075
2019	0.002074
2020	0.002073
2021	0.002072
2022	0.002070
2023	0.002069
2024	0.002068
2025	0.002067
2026	0.002066
2027	0.002065
2028	0.002063
2029	0.002062
2030	0.002061
2031	0.002060
2032	0.002059
2033	0.002058
2034	0.002057
2035	0.002055
2036	0.002054
2037	0.002053
2038	0.002052
2039	0.002051
2040	0.002050
2041	0.002049
2042	0.002047
2043	0.002046
2044	0.002045
2045	0.002044
2046	0.002043
2047	0.002042
2048	0.002041
2049	0.002039
2050	0.002038
2051	0.002037
2052	0.002036
2053	0.002035
2054	0.002034
2055	0.002033
2056	0.002032
2057	0.002030
2058	0.002029
2059	0.002028
2060	0.002027
2061	0.002026
2062	0.002025
2063	0.002024
2064	0.002023
2065	0.002022
2066	0.002020
2067	0.002019
2068	0.002018
2069	0.002017
2070	0.002016
2071	0.002015
2072	0.002014
2073	0.002013
2074	0.002012
2075	0.002011
2076	0.002009
2077	0.002008
2078	0.002007
2079	0.002006
2080	0.002005
2081	0.002004
2082	0.002003
2083	0.002002
2084	0.002001
2085	0.002000
2086	0.001999
2087	0.001997
2088	0.001996
2089	0.001995
2090	0.001994
2091	0.001993
2092	0.001992
2093	0.001991
2094	0.001990
2095	0.001989
2096	0.001988
2097	0.001987
2098	0.001986
2099	0.001985
2100	0.001983
2101	0.001982
2102	0.001981
2103	0.001980
2104	0.001979
2105	0.001978
2106	0.001977
2107	0.001976
2108	0.001975
2109	0.001974
2110	0.001973
2111	0.001972
2112	0.001971
2113	0.001970
2114	0.001969
2115	0.001968
2116	0.001967
2117	0.001965
2118	0.001964
2119	0.001963
2120	0.001962
2121	0.001961
2122	0.001960
2123	0.001959
2124	0.001958
2125	0.001957
2126	0.001956
2127	0.001955
2128	0.001954
2129	0.001953
2130	0.001952
2131	0.001951
2132	0.001950
2133	0.001949
2134	0.001948
2135	0.001947
2136	0.001946
2137	0.001945
2138	0.001944
2139	0.001943
2140	0.001942
2141	0.001941
2142	0.001940
2143	0.001939
2144	0.001937
2145	0.001936
2146	0.001935
2147	0.001934
2148	0.001933
2149	0.001932
2150	0.001931
2151	0.001930
2152	0.001929
2153	0.001928
2154	0.001927
2155	0.001926
2156	0.001925
2157	0.001924
2158	0.001923
2159	0.001922
2160	0.001921
2161	0.001920
2162	0.001919
2163	0.001918
2164	0.001917
2165	0.001916
2166	0.001915
2167	0.001914
2168	0.001913
2169	0.001912
2170	0.001911
2171	0.001910
2172	0.001909
2173	0.001908
2174	0.001907
2175	0.001906
2176	0.001905
2177	0.001904
2178	0.001903
2179	0.001902
2180	0.001901
2181	0.001900
2182	0.001899
2183	0.001898
2184	0.001897
2185	0.001897
2186	0.001896
2187	0.001895
2188	0.001894
2189	0.001893
2190	0.001892
2191	0.001891
2192	0.001890
2193	0.001889
2194	0.001888
2195	0.001887
2196	0.001886
2197	0.001885
2198	0.001884
2199	0.001883
2200	0.001882
2201	0.001881
2202	0.001880
2203	0.001879
2204	0.001878
2205	0.001877
2206	0.001876
2207	0.001875
2208	0.001874
2209	0.001873
2210	0.001872
2211	0.001871
2212	0.001870
2213	0.001869
2214	0.001869
2215	0.001868
2216	0.001867
2217	0.001866
2218	0.001865
2219	0.001864
2220	0.001863
2221	0.001862
2222	0.001861
2223	0.001860
2224	0.001859
2225	0.001858
2226	0.001857
2227	0.001856
2228	0.001855
2229	0.001854
2230	0.001853
2231	0.001852
2232	0.001852
2233	0.001851
2234	0.001850
2235	0.001849
2236	0.001848
2237	0.001847
2238	0.001846
2239	0.001845
2240	0.001844
2241	0.001843
2242	0.001842
2243	0.001841
2244	0.001840
2245	0.001839
2246	0.001839
2247	0.001838
2248	0.001837
2249	0.001836
2250	0.001835
2251	0.001834
2252	0.001833
2253	0.001832
2254	0.001831
2255	0.001830
2256	0.001829
2257	0.001828
2258	0.001828
2259	0.001827
2260	0.001826
2261	0.001825
2262	0.001824
2263	0.001823
2264	0.001822
2265	0.001821
2266	0.001820
2267	0.001819
2268	0.001819
2269	0.001818
2270	0.001817
2271	0.001816
2272	0.001815
2273	0.001814
2274	0.001813
2275	0.001812
2276	0.001811
2277	0.001810
2278	0.001810
2279	0.001809
2280	0.001808
2281	0.001807
2282	0.001806
2283	0.001805
2284	0.001804
2285	0.001803
2286	0.001802
2287	0.001802
2288	0.001801
2289	0.001800
2290	0.001799
2291	0.001798
2292	0.001797
2293	0.001796
2294	0.001795
2295	0.001794
2296	0.001794
2297	0.001793
2298	0.001792
2299	0.001791
2300	0.001790
2301	0.001789
2302	0.001788
2303	0.001787
2304	0.001787
2305	0.001786
2306	0.001785
2307	0.001784
2308	0.001783
2309	0.001782
2310	0.001781
2311	0.001781
2312	0.001780
2313	0.001779
2314	0.001778
2315	0.001777
2316	0.001776
2317	0.001775
2318	0.001774
2319	0.001774
2320	0.001773
2321	0.001772
2322	0.001771
2323	0.001770
2324	0.001769
2325	0.001769
2326	0.001768
2327	0.001767
2328	0.001766
2329	0.001765
2330	0.001764
2331	0.001763
2332	0.001763
2333	0.001762
2334	0.001761
2335	0.001760
2336	0.001759
2337	0.001758
2338	0.001757
2339	0.001757
2340	0.001756
2341	0.001755
2342	0.001754
2343	0.001753
2344	0.001752
2345	0.001752
2346	0.001751
2347	0.001750
2348	0.001749
2349	0.001748
2350	0.001747
2351	0.001747
2352	0.001746
2353	0.001745
2354	0.001744
2355	0.001743
2356	0.001742
2357	0.001742
2358	0.001741
2359	0.001740
2360	0.001739
2361	0.001738
2362	0.001737
2363	0.001737
2364	0.001736
2365	0.001735
2366	0.001734
2367	0.001733
2368	0.001733
2369	0.001732
2370	0.001731
2371	0.001730
2372	0.001729
2373	0.001728
2374	0.001728
2375	0.001727
2376	0.001726
2377	0.001725
2378	0.001724
2379	0.001724
2380	0.001723
2381	0.001722
2382	0.001721
2383	0.001720
2384	0.001719
2385	0.001719
2386	0.001718
2387	0.001717
2388	0.001716
2389	0.001715
2390	0.001715
2391	0.001714
2392	0.001713
2393	0.001712
2394	0.001711
2395	0.001711
2396	0.001710
2397	0.001709
2398	0.001708
2399	0.001707
2400	0.001707
2401	0.001706
2402	0.001705
2403	0.001704
2404	0.001703
2405	0.001703
2406	0.001702
2407	0.001701
2408	0.001700
2409	0.001700
2410	0.001699
2411	0.001698
2412	0.001697
2413	0.001696
2414	0.001696
2415	0.001695
2416	0.001694
2417	0.001693
2418	0.001692
2419	0.001692
2420	0.001691
2421	0.001690
2422	0.001689
2423	0.001689
2424	0.001688
2425	0.001687
2426	0.001686
2427	0.001685
2428	0.001685
2429	0.001684
2430	0.001683
2431	0.001682
2432	0.001682
2433	0.001681
2434	0.001680
2435	0.001679
2436	0.001678
2437	0.001678
2438	0.001677
2439	0.001676
2440	0.001675
2441	0.001675
2442	0.001674
2443	0.001673
2444	0.001672
2445	0.001672
2446	0.001671
2447	0.001670
2448	0.001669
2449	0.001668
2450	0.001668
2451	0.001667
2452	0.001666
2453	0.001665
2454	0.001665
2455	0.001664
2456	0.001663
2457	0.001662
2458	0.001662
2459	0.001661
2460	0.001660
2461	0.001659
2462	0.001659
2463	0.001658
2464	0.001657
2465	0.001656
2466	0.001656
2467	0.001655
2468	0.001654
2469	0.001653
2470	0.001653
2471	0.001652
2472	0.001651
2473	0.001650
2474	0.001650
2475	0.001649
2476	0.001648
2477	0.001647
2478	0.001647
2479	0.001646
2480	0.001645
2481	0.001644
2482	0.001644
2483	0.001643
2484	0.001642
2485	0.001642
2486	0.001641
2487	0.001640
2488	0.001639
2489	0.001639
2490	0.001638
2491	0.001637
2492	0.001636
2493	0.001636
2494	0.001635
2495	0.001634
2496	0.001633
2497	0.001633
2498	0.001632
2499	0.001631
2500	0.001631
2501	0.001630
2502	0.001629
2503	0.001628
2504	0.001628
2505	0.001627
2506	0.001626
2507	0.001625
2508	0.001625
2509	0.001624
2510	0.001623
2511	0.001623
2512	0.001622
2513	0.001621
2514	0.001620
2515	0.001620
2516	0.001619
2517	0.001618
2518	0.001618
2519	0.001617
2520	0.001616
2521	0.001615
2522	0.001615
2523	0.001614
2524	0.001613
2525	0.001612
2526	0.001612
2527	0.001611
2528	0.001610
2529	0.001610
2530	0.001609
2531	0.001608
2532	0.001608
2533	0.001607
2534	0.001606
2535	0.001605
2536	0.001605
2537	0.001604
2538	0.001603
2539	0.001603
2540	0.001602
2541	0.001601
2542	0.001600
2543	0.001600
2544	0.001599
2545	0.001598
2546	0.001598
2547	0.001597
2548	0.001596
2549	0.001596
2550	0.001595
2551	0.001594
2552	0.001593
2553	0.001593
2554	0.001592
2555	0.001591
2556	0.001591
2557	0.001590
2558	0.001589
2559	0.001589
2560	0.001588
2561	0.001587
2562	0.001587
2563	0.001586
2564	0.001585
2565	0.001584
2566	0.001584
2567	0.001583
2568	0.001582
2569	0.001582
2570	0.001581
2571	0.001580
2572	0.001580
2573	0.001579
2574	0.001578
2575	0.001578
2576	0.001577
2577	0.001576
2578	0.001576
2579	0.001575
2580	0.001574
2581	0.001574
2582	0.001573
2583	0.001572
2584	0.001572
2585	0.001571
2586	0.001570
2587	0.001569
2588	0.001569
2589	0.001568
2590	0.001567
2591	0.001567
2592	0.001566
2593	0.001565
2594	0.001565
2595	0.001564
2596	0.001563
2597	0.001563
2598	0.001562
2599	0.001561
2600	0.001561
2601	0.001560
2602	0.001559
2603	0.001559
2604	0.001558
2605	0.001557
2606	0.001557
2607	0.001556
2608	0.001555
2609	0.001555
2610	0.001554
2611	0.001553
2612	0.001553
2613	0.001552
2614	0.001551
2615	0.001551
2616	0.001550
2617	0.001549
2618	0.001549
2619	0.001548
2620	0.001547
2621	0.001547
2622	0.001546
2623	0.001546
2624	0.001545
2625	0.001544
2626	0.001544
2627	0.001543
2628	0.001542
2629	0.001542
2630	0.001541
2631	0.001540
2632	0.001540
2633	0.001539
2634	0.001538
2635	0.001538
2636	0.001537
2637	0.001536
2638	0.001536
2639	0.001535
2640	0.001534
2641	0.001534
2642	0.001533
2643	0.001533
2644	0.001532
2645	0.001531
2646	0.001531
2647	0.001530
2648	0.001529
2649	0.001529
2650	0.001528
2651	0.001527
2652	0.001527
2653	0.001526
2654	0.001525
2655	0.001525
2656	0.001524
2657	0.001524
2658	0.001523
2659	0.001522
2660	0.001522
2661	0.001521
2662	0.001520
2663	0.001520
2664	0.001519
2665	0.001518
2666	0.001518
2667	0.001517
2668	0.001517
2669	0.001516
2670	0.001515
2671	0.001515
2672	0.001514
2673	0.001513
2674	0.001513
2675	0.001512
2676	0.001512
2677	0.001511
2678	0.001510
2679	0.001510
2680	0.001509
2681	0.001508
2682	0.001508
2683	0.001507
2684	0.001507
2685	0.001506
2686	0.001505
2687	0.001505
2688	0.001504
2689	0.001503
2690	0.001503
2691	0.001502
2692	0.001502
2693	0.001501
2694	0.001500
2695	0.001500
2696	0.001499
2697	0.001498
2698	0.001498
2699	0.001497
2700	0.001497
2701	0.001496
2702	0.001495
2703	0.001495
2704	0.001494
2705	0.001494
2706	0.001493
2707	0.001492
2708	0.001492
2709	0.001491
2710	0.001490
2711	0.001490
2712	0.001489
2713	0.001489
2714	0.001488
2715	0.001487
2716	0.001487
2717	0.001486
2718	0.001486
2719	0.001485
2720	0.001484
2721	0.001484
2722	0.001483
2723	0.001483
2724	0.001482
2725	0.001481
2726	0.001481
2727	0.001480
2728	0.001480
2729	0.001479
2730	0.001478
2731	0.001478
2732	0.001477
2733	0.001477
2734	0.001476
2735	0.001475
2736	0.001475
2737	0.001474
2738	0.001474
2739	0.001473
2740	0.001472
2741	0.001472
2742	0.001471
2743	0.001471
2744	0.001470
2745	0.001469
2746	0.001469
2747	0.001468
2748	0.001468
2749	0.001467
2750	0.001466
2751	0.001466
2752	0.001465
2753	0.001465
2754	0.001464
2755	0.001463
2756	0.001463
2757	0.001462
2758	0.001462
2759	0.001461
2760	0.001461
2761	0.001460
2762	0.001459
2763	0.001459
2764	0.001458
2765	0.001458
2766	0.001457
2767	0.001456
2768	0.001456
2769	0.001455
2770	0.001455
2771	0.001454
2772	0.001454
2773	0.001453
2774	0.001452
2775	0.001452
2776	0.001451
2777	0.001451
2778	0.001450
2779	0.001449
2780	0.001449
2781	0.001448
2782	0.001448
2783	0.001447
2784	0.001447
2785	0.001446
2786	0.001445
2787	0.001445
2788	0.001444
2789	0.001444
2790	0.001443
2791	0.001443
2792	0.001442
2793	0.001441
2794	0.001441
2795	0.001440
2796	0.001440
2797	0.001439
2798	0.001439
2799	0.001438
2800	0.001437
2801	0.001437
2802	0.001436
2803	0.001436
2804	0.001435
2805	0.001435
2806	0.001434
2807	0.001433
2808	0.001433
2809	0.001432
2810	0.001432
2811	0.001431
2812	0.001431
2813	0.001430
2814	0.001430
2815	0.001429
2816	0.001428
2817	0.001428
2818	0.001427
2819	0.001427
2820	0.001426
2821	0.001426
2822	0.001425
2823	0.001424
2824	0.001424
2825	0.001423
2826	0.001423
2827	0.001422
2828	0.001422
2829	0.001421
2830	0.001421
2831	0.001420
2832	0.001419
2833	0.001419
2834	0.001418
2835	0.001418
2836	0.001417
2837	0.001417
2838	0.001416
2839	0.001416
2840	0.001415
2841	0.001414
2842	0.001414
2843	0.001413
2844	0.001413
2845	0.001412
2846	0.001412
2847	0.001411
2848	0.001411
2849	0.001410
2850	0.001410
2851	0.001409
2852	0.001408
2853	0.001408
2854	0.001407
2855	0.001407
2856	0.001406
2857	0.001406
2858	0.001405
2859	0.001405
2860	0.001404
2861	0.001404
2862	0.001403
2863	0.001402
2864	0.001402
2865	0.001401
2866	0.001401
2867	0.001400
2868	0.001400
2869	0.001399
2870	0.001399
2871	0.001398
2872	0.001398
2873	0.001397
2874	0.001397
2875	0.001396
2876	0.001395
2877	0.001395
2878	0.001394
2879	0.001394
2880	0.001393
2881	0.001393
2882	0.001392
2883	0.001392
2884	0.001391
2885	0.001391
2886	0.001390
2887	0.001390
2888	0.001389
2889	0.001388
2890	0.001388
2891	0.001387
2892	0.001387
2893	0.001386
2894	0.001386
2895	0.001385
2896	0.001385
2897	0.001384
2898	0.001384
2899	0.001383
2900	0.001383
2901	0.001382
2902	0.001382
2903	0.001381
2904	0.001381
2905	0.001380
2906	0.001380
2907	0.001379
2908	0.001378
2909	0.001378
2910	0.001377
2911	0.001377
2912	0.001376
2913	0.001376
2914	0.001375
2915	0.001375
2916	0.001374
2917	0.001374
2918	0.001373
2919	0.001373
2920	0.001372
2921	0.001372
2922	0.001371
2923	0.001371
2924	0.001370
2925	0.001370
2926	0.001369
2927	0.001369
2928	0.001368
2929	0.001368
2930	0.001367
2931	0.001367
2932	0.001366
2933	0.001365
2934	0.001365
2935	0.001364
2936	0.001364
2937	0.001363
2938	0.001363
2939	0.001362
2940	0.001362
2941	0.001361
2942	0.001361
2943	0.001360
2944	0.001360
2945	0.001359
2946	0.001359
2947	0.001358
2948	0.001358
2949	0.001357
2950	0.001357
2951	0.001356
2952	0.001356
2953	0.001355
2954	0.001355
2955	0.001354
2956	0.001354
2957	0.001353
2958	0.001353
2959	0.001352
2960	0.001352
2961	0.001351
2962	0.001351
2963	0.001350
2964	0.001350
2965	0.001349
2966	0.001349
2967	0.001348
2968	0.001348
2969	0.001347
2970	0.001347
2971	0.001346
2972	0.001346
2973	0.001345
2974	0.001345
2975	0.001344
2976	0.001344
2977	0.001343
2978	0.001343
2979	0.001342
2980	0.001342
2981	0.001341
2982	0.001341
2983	0.001340
2984	0.001340
2985	0.001339
2986	0.001339
2987	0.001338
2988	0.001338
2989	0.001337
2990	0.001337
2991	0.001336
2992	0.001336
2993	0.001335
2994	0.001335
2995	0.001334
2996	0.001334
2997	0.001333
2998	0.001333
2999	0.001332
3000	0.001332
3001	0.001331
3002	0.001331
3003	0.001330
3004	0.001330
3005	0.001329
3006	0.001329
3007	0.001328
3008	0.001328
3009	0.001327
3010	0.001327
3011	0.001327
3012	0.001326
3013	0.001326
3014	0.001325
3015	0.001325
3016	0.001324
3017	0.001324
3018	0.001323
3019	0.001323
3020	0.001322
3021	0.001322
3022	0.001321
3023	0.001321
3024	0.001320
3025	0.001320
3026	0.001319
3027	0.001319
3028	0.001318
3029	0.001318
3030	0.001317
3031	0.001317
3032	0.001316
3033	0.001316
3034	0.001315
3035	0.001315
3036	0.001314
3037	0.001314
3038	0.001314
3039	0.001313
3040	0.001313
3041	0.001312
3042	0.001312
3043	0.001311
3044	0.001311
3045	0.001310
3046	0.001310
3047	0.001309
3048	0.001309
3049	0.001308
3050	0.001308
3051	0.001307
3052	0.001307
3053	0.001306
3054	0.001306
3055	0.001305
3056	0.001305
3057	0.001305
3058	0.001304
3059	0.001304
3060	0.001303
3061	0.001303
3062	0.001302
3063	0.001302
3064	0.001301
3065	0.001301
3066	0.001300
3067	0.001300
3068	0.001299
3069	0.001299
3070	0.001298
3071	0.001298
3072	0.001298
3073	0.001297
3074	0.001297
3075	0.001296
3076	0.001296
3077	0.001295
3078	0.001295
3079	0.001294
3080	0.001294
3081	0.001293
3082	0.001293
3083	0.001292
3084	0.001292
3085	0.001291
3086	0.001291
3087	0.001291
3088	0.001290
3089	0.001290
3090	0.001289
3091	0.001289
3092	0.001288
3093	0.001288
3094	0.001287
3095	0.001287
3096	0.001286
3097	0.001286
3098	0.001286
3099	0.001285
3100	0.001285
3101	0.001284
3102	0.001284
3103	0.001283
3104	0.001283
3105	0.001282
3106	0.001282
3107	0.001281
3108	0.001281
3109	0.001281
3110	0.001280
3111	0.001280
3112	0.001279
3113	0.001279
3114	0.001278
3115	0.001278
3116	0.001277
3117	0.001277
3118	0.001276
3119	0.001276
3120	0.001276
3121	0.001275
3122	0.001275
3123	0.001274
3124	0.001274
3125	0.001273
3126	0.001273
3127	0.001272
3128	0.001272
3129	0.001272
3130	0.001271
3131	0.001271
3132	0.001270
3133	0.001270
3134	0.001269
3135	0.001269
3136	0.001268
3137	0.001268
3138	0.001267
3139	0.001267
3140	0.001267
3141	0.001266
3142	0.001266
3143	0.001265
3144	0.001265
3145	0.001264
3146	0.001264
3147	0.001264
3148	0.001263
3149	0.001263
3150	0.001262
3151	0.001262
3152	0.001261
3153	0.001261
3154	0.001260
3155	0.001260
3156	0.001260
3157	0.001259
3158	0.001259
3159	0.001258
3160	0.001258
3161	0.001257
3162	0.001257
3163	0.001256
3164	0.001256
3165	0.001256
3166	0.001255
3167	0.001255
3168	0.001254
3169	0.001254
3170	0.001253
3171	0.001253
3172	0.001253
3173	0.001252
3174	0.001252
3175	0.001251
3176	0.001251
3177	0.001250
3178	0.001250
3179	0.001250
3180	0.001249
3181	0.001249
3182	0.001248
3183	0.001248
3184	0.001247
3185	0.001247
3186	0.001247
3187	0.001246
3188	0.001246
3189	0.001245
3190	0.001245
3191	0.001244
3192	0.001244
3193	0.001244
3194	0.001243
3195	0.001243
3196	0.001242
3197	0.001242
3198	0.001241
3199	0.001241
3200	0.001241
3201	0.001240
3202	0.001240
3203	0.001239
3204	0.001239
3205	0.001238
3206	0.001238
3207	0.001238
3208	0.001237
3209	0.001237
3210	0.001236
3211	0.001236
3212	0.001235
3213	0.001235
3214	0.001235
3215	0.001234
3216	0.001234
3217	0.001233
3218	0.001233
3219	0.001232
3220	0.001232
3221	0.001232
3222	0.001231
3223	0.001231
3224	0.001230
3225	0.001230
3226	0.001230
3227	0.001229
3228	0.001229
3229	0.001228
3230	0.001228
3231	0.001227
3232	0.001227
3233	0.001227
3234	0.001226
3235	0.001226
3236	0.001225
3237	0.001225
3238	0.001225
3239	0.001224
3240	0.001224
3241	0.001223
3242	0.001223
3243	0.001222
3244	0.001222
3245	0.001222
3246	0.001221
3247	0.001221
3248	0.001220
3249	0.001220
3250	0.001220
3251	0.001219
3252	0.001219
3253	0.001218
3254	0.001218
3255	0.001218
3256	0.001217
3257	0.001217
3258	0.001216
3259	0.001216
3260	0.001215
3261	0.001215
3262	0.001215
3263	0.001214
3264	0.001214
3265	0.001213
3266	0.001213
3267	0.001213
3268	0.001212
3269	0.001212
3270	0.001211
3271	0.001211
3272	0.001211
3273	0.001210
3274	0.001210
3275	0.001209
3276	0.001209
3277	0.001209
3278	0.001208
3279	0.001208
3280	0.001207
3281	0.001207
3282	0.001207
3283	0.001206
3284	0.001206
3285	0.001205
3286	0.001205
3287	0.001205
3288	0.001204
3289	0.001204
3290	0.001203
3291	0.001203
3292	0.001203
3293	0.001202
3294	0.001202
3295	0.001201
3296	0.001201
3297	0.001201
3298	0.001200
3299	0.001200
3300	0.001199
3301	0.001199
3302	0.001199
3303	0.001198
3304	0.001198
3305	0.001197
3306	0.001197
3307	0.001197
3308	0.001196
3309	0.001196
3310	0.001195
3311	0.001195
3312	0.001195
3313	0.001194
3314	0.001194
3315	0.001193
3316	0.001193
3317	0.001193
3318	0.001192
3319	0.001192
3320	0.001191
3321	0.001191
3322	0.001191
3323	0.001190
3324	0.001190
3325	0.001189
3326	0.001189
3327	0.001189
3328	0.001188
3329	0.001188
3330	0.001187
3331	0.001187
3332	0.001187
3333	0.001186
3334	0.001186
3335	0.001186
3336	0.001185
3337	0.001185
3338	0.001184
3339	0.001184
3340	0.001184
3341	0.001183
3342	0.001183
3343	0.001182
3344	0.001182
3345	0.001182
3346	0.001181
3347	0.001181
3348	0.001180
3349	0.001180
3350	0.001180
3351	0.001179
3352	0.001179
3353	0.001179
3354	0.001178
3355	0.001178
3356	0.001177
3357	0.001177
3358	0.001177
3359	0.001176
3360	0.001176
3361	0.001175
3362	0.001175
3363	0.001175
3364	0.001174
3365	0.001174
3366	0.001174
3367	0.001173
3368	0.001173
3369	0.001172
3370	0.001172
3371	0.001172
3372	0.001171
3373	0.001171
3374	0.001171
3375	0.001170
3376	0.001170
3377	0.001169
3378	0.001169
3379	0.001169
3380	0.001168
3381	0.001168
3382	0.001167
3383	0.001167
3384	0.001167
3385	0.001166
3386	0.001166
3387	0.001166
3388	0.001165
3389	0.001165
3390	0.001164
3391	0.001164
3392	0.001164
3393	0.001163
3394	0.001163
3395	0.001163
3396	0.001162
3397	0.001162
3398	0.001161
3399	0.001161
3400	0.001161
3401	0.001160
3402	0.001160
3403	0.001160
3404	0.001159
3405	0.001159
3406	0.001158
3407	0.001158
3408	0.001158
3409	0.001157
3410	0.001157
3411	0.001157
3412	0.001156
3413	0.001156
3414	0.001156
3415	0.001155
3416	0.001155
3417	0.001154
3418	0.001154
3419	0.001154
3420	0.001153
3421	0.001153
3422	0.001153
3423	0.001152
3424	0.001152
3425	0.001151
3426	0.001151
3427	0.001151
3428	0.001150
3429	0.001150
3430	0.001150
3431	0.001149
3432	0.001149
3433	0.001149
3434	0.001148
3435	0.001148
3436	0.001147
3437	0.001147
3438	0.001147
3439	0.001146
3440	0.001146
3441	0.001146
3442	0.001145
3443	0.001145
3444	0.001144
3445	0.001144
3446	0.001144
3447	0.001143
3448	0.001143
3449	0.001143
3450	0.001142
3451	0.001142
3452	0.001142
3453	0.001141
3454	0.001141
3455	0.001141
3456	0.001140
3457	0.001140
3458	0.001139
3459	0.001139
3460	0.001139
3461	0.001138
3462	0.001138
3463	0.001138
3464	0.001137
3465	0.001137
3466	0.001137
3467	0.001136
3468	0.001136
3469	0.001135
3470	0.001135
3471	0.001135
3472	0.001134
3473	0.001134
3474	0.001134
3475	0.001133
3476	0.001133
3477	0.001133
3478	0.001132
3479	0.001132
3480	0.001132
3481	0.001131
3482	0.001131
3483	0.001130
3484	0.001130
3485	0.001130
3486	0.001129
3487	0.001129
3488	0.001129
3489	0.001128
3490	0.001128
3491	0.001128
3492	0.001127
3493	0.001127
3494	0.001127
3495	0.001126
3496	0.001126
3497	0.001126
3498	0.001125
3499	0.001125
3500	0.001124
3501	0.001124
3502	0.001124
3503	0.001123
3504	0.001123
3505	0.001123
3506	0.001122
3507	0.001122
3508	0.001122
3509	0.001121
3510	0.001121
3511	0.001121
3512	0.001120
3513	0.001120
3514	0.001120
3515	0.001119
3516	0.001119
3517	0.001119
3518	0.001118
3519	0.001118
3520	0.001118
3521	0.001117
3522	0.001117
3523	0.001116
3524	0.001116
3525	0.001116
3526	0.001115
3527	0.001115
3528	0.001115
3529	0.001114
3530	0.001114
3531	0.001114
3532	0.001113
3533	0.001113
3534	0.001113
3535	0.001112
3536	0.001112
3537	0.001112
3538	0.001111
3539	0.001111
3540	0.001111
3541	0.001110
3542	0.001110
3543	0.001110
3544	0.001109
3545	0.001109
3546	0.001109
3547	0.001108
3548	0.001108
3549	0.001108
3550	0.001107
3551	0.001107
3552	0.001107
3553	0.001106
3554	0.001106
3555	0.001105
3556	0.001105
3557	0.001105
3558	0.001104
3559	0.001104
3560	0.001104
3561	0.001103
3562	0.001103
3563	0.001103
3564	0.001102
3565	0.001102
3566	0.001102
3567	0.001101
3568	0.001101
3569	0.001101
3570	0.001100
3571	0.001100
3572	0.001100
3573	0.001099
3574	0.001099
3575	0.001099
3576	0.001098
3577	0.001098
3578	0.001098
3579	0.001097
3580	0.001097
3581	0.001097
3582	0.001096
3583	0.001096
3584	0.001096
3585	0.001095
3586	0.001095
3587	0.001095
3588	0.001094
3589	0.001094
3590	0.001094
3591	0.001093
3592	0.001093
3593	0.001093
3594	0.001092
3595	0.001092
3596	0.001092
3597	0.001091
3598	0.001091
3599	0.001091
3600	0.001090
3601	0.001090
3602	0.001090
3603	0.001089
3604	0.001089
3605	0.001089
3606	0.001088
3607	0.001088
3608	0.001088
3609	0.001087
3610	0.001087
3611	0.001087
3612	0.001086
3613	0.001086
3614	0.001086
3615	0.001085
3616	0.001085
3617	0.001085
3618	0.001084
3619	0.001084
3620	0.001084
3621	0.001084
3622	0.001083
3623	0.001083
3624	0.001083
3625	0.001082
3626	0.001082
3627	0.001082
3628	0.001081
3629	0.001081
3630	0.001081
3631	0.001080
3632	0.001080
3633	0.001080
3634	0.001079
3635	0.001079
3636	0.001079
3637	0.001078
3638	0.001078
3639	0.001078
3640	0.001077
3641	0.001077
3642	0.001077
3643	0.001076
3644	0.001076
3645	0.001076
3646	0.001075
3647	0.001075
3648	0.001075
3649	0.001074
3650	0.001074
3651	0.001074
3652	0.001073
3653	0.001073
3654	0.001073
3655	0.001073
3656	0.001072
3657	0.001072
3658	0.001072
3659	0.001071
3660	0.001071
3661	0.001071
3662	0.001070
3663	0.001070
3664	0.001070
3665	0.001069
3666	0.001069
3667	0.001069
3668	0.001068
3669	0.001068
3670	0.001068
3671	0.001067
3672	0.001067
3673	0.001067
3674	0.001066
3675	0.001066
3676	0.001066
3677	0.001066
3678	0.001065
3679	0.001065
3680	0.001065
3681	0.001064
3682	0.001064
3683	0.001064
3684	0.001063
3685	0.001063
3686	0.001063
3687	0.001062
3688	0.001062
3689	0.001062
3690	0.001061
3691	0.001061
3692	0.001061
3693	0.001060
3694	0.001060
3695	0.001060
3696	0.001060
3697	0.001059
3698	0.001059
3699	0.001059
3700	0.001058
3701	0.001058
3702	0.001058
3703	0.001057
3704	0.001057
3705	0.001057
3706	0.001056
3707	0.001056
3708	0.001056
3709	0.001056
3710	0.001055
3711	0.001055
3712	0.001055
3713	0.001054
3714	0.001054
3715	0.001054
3716	0.001053
3717	0.001053
3718	0.001053
3719	0.001052
3720	0.001052
3721	0.001052
3722	0.001051
3723	0.001051
3724	0.001051
3725	0.001051
3726	0.001050
3727	0.001050
3728	0.001050
3729	0.001049
3730	0.001049
3731	0.001049
3732	0.001048
3733	0.001048
3734	0.001048
3735	0.001048
3736	0.001047
3737	0.001047
3738	0.001047
3739	0.001046
3740	0.001046
3741	0.001046
3742	0.001045
3743	0.001045
3744	0.001045
3745	0.001044
3746	0.001044
3747	0.001044
3748	0.001044
3749	0.001043
3750	0.001043
3751	0.001043
3752	0.001042
3753	0.001042
3754	0.001042
3755	0.001041
3756	0.001041
3757	0.001041
3758	0.001041
3759	0.001040
3760	0.001040
3761	0.001040
3762	0.001039
3763	0.001039
3764	0.001039
3765	0.001038
3766	0.001038
3767	0.001038
3768	0.001038
3769	0.001037
3770	0.001037
3771	0.001037
3772	0.001036
3773	0.001036
3774	0.001036
3775	0.001035
3776	0.001035
3777	0.001035
3778	0.001035
3779	0.001034
3780	0.001034
3781	0.001034
3782	0.001033
3783	0.001033
3784	0.001033
3785	0.001032
3786	0.001032
3787	0.001032
3788	0.001032
3789	0.001031
3790	0.001031
3791	0.001031
3792	0.001030
3793	0.001030
3794	0.001030
3795	0.001029
3796	0.001029
3797	0.001029
3798	0.001029
3799	0.001028
3800	0.001028
3801	0.001028
3802	0.001027
3803	0.001027
3804	0.001027
3805	0.001027
3806	0.001026
3807	0.001026
3808	0.001026
3809	0.001025
3810	0.001025
3811	0.001025
3812	0.001024
3813	0.001024
3814	0.001024
3815	0.001024
3816	0.001023
3817	0.001023
3818	0.001023
3819	0.001022
3820	0.001022
3821	0.001022
3822	0.001022
3823	0.001021
3824	0.001021
3825	0.001021
3826	0.001020
3827	0.001020
3828	0.001020
3829	0.001020
3830	0.001019
3831	0.001019
3832	0.001019
3833	0.001018
3834	0.001018
3835	0.001018
3836	0.001018
3837	0.001017
3838	0.001017
3839	0.001017
3840	0.001016
3841	0.001016
3842	0.001016
3843	0.001016
3844	0.001015
3845	0.001015
3846	0.001015
3847	0.001014
3848	0.001014
3849	0.001014
3850	0.001013
3851	0.001013
3852	0.001013
3853	0.001013
3854	0.001012
3855	0.001012
3856	0.001012
3857	0.001011
3858	0.001011
3859	0.001011
3860	0.001011
3861	0.001010
3862	0.001010
3863	0.001010
3864	0.001009
3865	0.001009
3866	0.001009
3867	0.001009
3868	0.001008
3869	0.001008
3870	0.001008
3871	0.001008
3872	0.001007
3873	0.001007
3874	0.001007
3875	0.001006
3876	0.001006
3877	0.001006
3878	0.001006
3879	0.001005
3880	0.001005
3881	0.001005
3882	0.001004
3883	0.001004
3884	0.001004
3885	0.001004
3886	0.001003
3887	0.001003
3888	0.001003
3889	0.001002
3890	0.001002
3891	0.001002
3892	0.001002
3893	0.001001
3894	0.001001
3895	0.001001
3896	0.001000
3897	0.001000
3898	0.001000
