0	2.338812
1	2.264640
2	2.210876
3	2.171055
4	2.140740
5	2.117016
6	2.097970
7	2.082327
8	2.069217
9	2.058033
10	2.048342
11	2.039826
12	2.032250
13	2.025434
14	2.019242
15	2.013565
16	2.008316
17	2.003427
18	1.998841
19	1.994512
20	1.990400
21	1.986472
22	1.982701
23	1.979062
24	1.975535
25	1.972101
26	1.968742
27	1.965446
28	1.962198
29	1.958986
30	1.955799
31	1.952626
32	1.949457
33	1.946282
34	1.943093
35	1.939879
36	1.936633
37	1.933345
38	1.930006
39	1.926606
40	1.923137
41	1.919589
42	1.915952
43	1.912214
44	1.908365
45	1.904393
46	1.900286
47	1.896028
48	1.891606
49	1.887003
50	1.882203
51	1.877186
52	1.871930
53	1.866414
54	1.860611
55	1.854493
56	1.848029
57	1.841183
58	1.833915
59	1.826181
60	1.817930
61	1.809105
62	1.799641
63	1.789461
64	1.778481
65	1.766601
66	1.753705
67	1.739660
68	1.724306
69	1.707460
70	1.688901
71	1.668369
72	1.645551
73	1.620072
74	1.591479
75	1.559227
76	1.522655
77	1.480968
78	1.433228
79	1.378353
80	1.315180
81	1.242620
82	1.160000
83	1.067669
84	0.967803
85	0.864973
86	0.765630
87	0.676076
88	0.600091
89	0.538137
90	0.488406
91	0.448341
92	0.415579
93	0.388268
94	0.365056
95	0.344982
96	0.327361
97	0.311704
98	0.297650
99	0.284931
100	0.273340
101	0.262718
102	0.252935
103	0.243888
104	0.235492
105	0.227673
106	0.220373
107	0.213538
108	0.207125
109	0.201093
110	0.195411
111	0.190046
112	0.184973
113	0.180169
114	0.175612
115	0.171283
116	0.167166
117	0.163245
118	0.159506
119	0.155936
120	0.152525
121	0.149262
122	0.146138
123	0.143142
124	0.140269
125	0.137510
126	0.134858
127	0.132308
128	0.129853
129	0.127489
130	0.125209
131	0.123011
132	0.120889
133	0.118839
134	0.116858
135	0.114943
136	0.113090
137	0.111295
138	0.109558
139	0.107873
140	0.106240
141	0.104656
142	0.103119
143	0.101626
144	0.100176
145	0.098766
146	0.097396
147	0.096064
148	0.094767
149	0.093505
150	0.092276
151	0.091079
152	0.089913
153	0.088776
154	0.087667
155	0.086586
156	0.085531
157	0.084501
158	0.083496
159	0.082514
160	0.081555
161	0.080618
162	0.079702
163	0.078807
164	0.077931
165	0.077075
166	0.076237
167	0.075417
168	0.074614
169	0.073828
170	0.073059
171	0.072305
172	0.071567
173	0.070843
174	0.070134
175	0.069438
176	0.068756
177	0.068088
178	0.067432
179	0.066789
180	0.066157
181	0.065537
182	0.064929
183	0.064332
184	0.063746
185	0.063170
186	0.062604
187	0.062048
188	0.061502
189	0.060965
190	0.060438
191	0.059920
192	0.059410
193	0.058909
194	0.058416
195	0.057931
196	0.057454
197	0.056984
198	0.056523
199	0.056068
200	0.055621
201	0.055181
202	0.054747
203	0.054320
204	0.053900
205	0.053486
206	0.053079
207	0.052677
208	0.052282
209	0.051892
210	0.051508
211	0.051129
212	0.050756
213	0.050389
214	0.050026
215	0.049669
216	0.049316
217	0.048969
218	0.048626
219	0.048288
220	0.047955
221	0.047626
222	0.047301
223	0.046981
224	0.046665
225	0.046354
226	0.046046
227	0.045742
228	0.045443
229	0.045147
230	0.044855
231	0.044566
232	0.044282
233	0.044000
234	0.043723
235	0.043448
236	0.043178
237	0.042910
238	0.042646
239	0.042384
240	0.042126
241	0.041871
242	0.041620
243	0.041371
244	0.041125
245	0.040881
246	0.040641
247	0.040403
248	0.040169
249	0.039936
250	0.039707
251	0.039480
252	0.039255
253	0.039034
254	0.038814
255	0.038597
256	0.038382
257	0.038170
258	0.037960
259	0.037752
260	0.037547
261	0.037343
262	0.037142
263	0.036943
264	0.036746
265	0.036551
266	0.036358
267	0.036167
268	0.035978
269	0.035791
270	0.035606
271	0.035423
272	0.035241
273	0.035062
274	0.034884
275	0.034708
276	0.034534
277	0.034361
278	0.034190
279	0.034021
280	0.033854
281	0.033688
282	0.033523
283	0.033360
284	0.033199
285	0.033040
286	0.032881
287	0.032725
288	0.032569
289	0.032416
290	0.032263
291	0.032112
292	0.031963
293	0.031814
294	0.031667
295	0.031522
296	0.031378
297	0.031235
298	0.031093
299	0.030953
300	0.030813
301	0.030675
302	0.030539
303	0.030403
304	0.030269
305	0.030136
306	0.030003
307	0.029873
308	0.029743
309	0.029614
310	0.029486
311	0.029360
312	0.029234
313	0.029110
314	0.028987
315	0.028864
316	0.028743
317	0.028623
318	0.028503
319	0.028385
320	0.028267
321	0.028151
322	0.028035
323	0.027921
324	0.027807
325	0.027694
326	0.027583
327	0.027472
328	0.027361
329	0.027252
330	0.027144
331	0.027036
332	0.026930
333	0.026824
334	0.026719
335	0.026614
336	0.026511
337	0.026408
338	0.026306
339	0.026205
340	0.026105
341	0.026005
342	0.025906
343	0.025808
344	0.025711
345	0.025614
346	0.025518
347	0.025423
348	0.025328
349	0.025234
350	0.025141
351	0.025049
352	0.024957
353	0.024866
354	0.024775
355	0.024685
356	0.024596
357	0.024507
358	0.024419
359	0.024332
360	0.024245
361	0.024159
362	0.024073
363	0.023989
364	0.023904
365	0.023820
366	0.023737
367	0.023655
368	0.023572
369	0.023491
370	0.023410
371	0.023330
372	0.023250
373	0.023170
374	0.023092
375	0.023013
376	0.022935
377	0.022858
378	0.022781
379	0.022705
380	0.022630
381	0.022554
382	0.022480
383	0.022405
384	0.022331
385	0.022258
386	0.022185
387	0.022113
388	0.022041
389	0.021970
390	0.021899
391	0.021828
392	0.021758
393	0.021688
394	0.021619
395	0.021550
396	0.021482
397	0.021414
398	0.021347
399	0.021280
400	0.021213
401	0.021147
402	0.021081
403	0.021015
404	0.020950
405	0.020886
406	0.020821
407	0.020757
408	0.020694
409	0.020631
410	0.020568
411	0.020506
412	0.020444
413	0.020382
414	0.020321
415	0.020260
416	0.020199
417	0.020139
418	0.020079
419	0.020020
420	0.019961
421	0.019902
422	0.019844
423	0.019785
424	0.019728
425	0.019670
426	0.019613
427	0.019556
428	0.019500
429	0.019444
430	0.019388
431	0.019332
432	0.019277
433	0.019222
434	0.019168
435	0.019113
436	0.019059
437	0.019006
438	0.018952
439	0.018899
440	0.018846
441	0.018794
442	0.018742
443	0.018690
444	0.018638
445	0.018587
446	0.018536
447	0.018485
448	0.018434
449	0.018384
450	0.018334
451	0.018284
452	0.018235
453	0.018185
454	0.018137
455	0.018088
456	0.018039
457	0.017991
458	0.017943
459	0.017896
460	0.017848
461	0.017801
462	0.017754
463	0.017707
464	0.017661
465	0.017615
466	0.017569
467	0.017523
468	0.017477
469	0.017432
470	0.017387
471	0.017342
472	0.017298
473	0.017253
474	0.017209
475	0.017165
476	0.017122
477	0.017078
478	0.017035
479	0.016992
480	0.016949
481	0.016906
482	0.016864
483	0.016822
484	0.016780
485	0.016738
486	0.016696
487	0.016655
488	0.016614
489	0.016573
490	0.016532
491	0.016491
492	0.016451
493	0.016411
494	0.016371
495	0.016331
496	0.016291
497	0.016252
498	0.016213
499	0.016174
500	0.016135
501	0.016096
502	0.016058
503	0.016019
504	0.015981
505	0.015943
506	0.015905
507	0.015868
508	0.015830
509	0.015793
510	0.015756
511	0.015719
512	0.015682
513	0.015646
514	0.015609
515	0.015573
516	0.015537
517	0.015501
518	0.015465
519	0.015430
520	0.015394
521	0.015359
522	0.015324
523	0.015289
524	0.015254
525	0.015220
526	0.015185
527	0.015151
528	0.015117
529	0.015083
530	0.015049
531	0.015015
532	0.014981
533	0.014948
534	0.014915
535	0.014882
536	0.014849
537	0.014816
538	0.014783
539	0.014750
540	0.014718
541	0.014686
542	0.014654
543	0.014622
544	0.014590
545	0.014558
546	0.014526
547	0.014495
548	0.014464
549	0.014432
550	0.014401
551	0.014370
552	0.014340
553	0.014309
554	0.014278
555	0.014248
556	0.014218
557	0.014188
558	0.014157
559	0.014128
560	0.014098
561	0.014068
562	0.014039
563	0.014009
564	0.013980
565	0.013951
566	0.013922
567	0.013893
568	0.013864
569	0.013835
570	0.013807
571	0.013778
572	0.013750
573	0.013722
574	0.013693
575	0.013665
576	0.013638
577	0.013610
578	0.013582
579	0.013555
580	0.013527
581	0.013500
582	0.013472
583	0.013445
584	0.013418
585	0.013391
586	0.013365
587	0.013338
588	0.013311
589	0.013285
590	0.013258
591	0.013232
592	0.013206
593	0.013180
594	0.013154
595	0.013128
596	0.013102
597	0.013077
598	0.013051
599	0.013026
600	0.013000
601	0.012975
602	0.012950
603	0.012925
604	0.012900
605	0.012875
606	0.012850
607	0.012825
608	0.012801
609	0.012776
610	0.012752
611	0.012727
612	0.012703
613	0.012679
614	0.012655
615	0.012631
616	0.012607
617	0.012583
618	0.012559
619	0.012536
620	0.012512
621	0.012489
622	0.012465
623	0.012442
624	0.012419
625	0.012396
626	0.012373
627	0.012350
628	0.012327
629	0.012304
630	0.012282
631	0.012259
632	0.012236
633	0.012214
634	0.012192
635	0.012169
636	0.012147
637	0.012125
638	0.012103
639	0.012081
640	0.012059
641	0.012037
642	0.012016
643	0.011994
644	0.011972
645	0.011951
646	0.011930
647	0.011908
648	0.011887
649	0.011866
650	0.011845
651	0.011824
652	0.011803
653	0.011782
654	0.011761
655	0.011740
656	0.011719
657	0.011699
658	0.011678
659	0.011658
660	0.011637
661	0.011617
662	0.011597
663	0.011577
664	0.011556
665	0.011536
666	0.011516
667	0.011497
668	0.011477
669	0.011457
670	0.011437
671	0.011418
672	0.011398
673	0.011378
674	0.011359
675	0.011340
676	0.011320
677	0.011301
678	0.011282
679	0.011263
680	0.011244
681	0.011225
682	0.011206
683	0.011187
684	0.011168
685	0.011149
686	0.011131
687	0.011112
688	0.011094
689	0.011075
690	0.011057
691	0.011038
692	0.011020
693	0.011002
694	0.010983
695	0.010965
696	0.010947
697	0.010929
698	0.010911
699	0.010893
700	0.010876
701	0.010858
702	0.010840
703	0.010822
704	0.010805
705	0.010787
706	0.010770
707	0.010752
708	0.010735
709	0.010717
710	0.010700
711	0.010683
712	0.010666
713	0.010649
714	0.010632
715	0.010615
716	0.010598
717	0.010581
718	0.010564
719	0.010547
720	0.010530
721	0.010514
722	0.010497
723	0.010480
724	0.010464
725	0.010447
726	0.010431
727	0.010415
728	0.010398
729	0.010382
730	0.010366
731	0.010350
732	0.010333
733	0.010317
734	0.010301
735	0.010285
736	0.010269
737	0.010254
738	0.010238
739	0.010222
740	0.010206
741	0.010190
742	0.010175
743	0.010159
744	0.010144
745	0.010128
746	0.010113
747	0.010097
748	0.010082
749	0.010067
750	0.010051
751	0.010036
752	0.010021
753	0.010006
754	0.009991
755	0.009976
756	0.009961
757	0.009946
758	0.009931
759	0.009916
760	0.009901
761	0.009886
762	0.009872
763	0.009857
764	0.009842
765	0.009828
766	0.009813
767	0.009799
768	0.009784
769	0.009770
770	0.009755
771	0.009741
772	0.009727
773	0.009712
774	0.009698
775	0.009684
776	0.009670
777	0.009656
778	0.009642
779	0.009628
780	0.009614
781	0.009600
782	0.009586
783	0.009572
784	0.009558
785	0.009544
786	0.009530
787	0.009517
788	0.009503
789	0.009489
790	0.009476
791	0.009462
792	0.009449
793	0.009435
794	0.009422
795	0.009408
796	0.009395
797	0.009382
798	0.009368
799	0.009355
800	0.009342
801	0.009329
802	0.009316
803	0.009303
804	0.009289
805	0.009276
806	0.009263
807	0.009250
808	0.009238
809	0.009225
810	0.009212
811	0.009199
812	0.009186
813	0.009173
814	0.009161
815	0.009148
816	0.009135
817	0.009123
818	0.009110
819	0.009098
820	0.009085
821	0.009073
822	0.009060
823	0.009048
824	0.009036
825	0.009023
826	0.009011
827	0.008999
828	0.008986
829	0.008974
830	0.008962
831	0.008950
832	0.008938
833	0.008926
834	0.008914
835	0.008902
836	0.008890
837	0.008878
838	0.008866
839	0.008854
840	0.008842
841	0.008830
842	0.008818
843	0.008807
844	0.008795
845	0.008783
846	0.008772
847	0.008760
848	0.008748
849	0.008737
850	0.008725
851	0.008714
852	0.008702
853	0.008691
854	0.008679
855	0.008668
856	0.008656
857	0.008645
858	0.008634
859	0.008623
860	0.008611
861	0.008600
862	0.008589
863	0.008578
864	0.008567
865	0.008555
866	0.008544
867	0.008533
868	0.008522
869	0.008511
870	0.008500
871	0.008489
872	0.008479
873	0.008468
874	0.008457
875	0.008446
876	0.008435
877	0.008424
878	0.008414
879	0.008403
880	0.008392
881	0.008382
882	0.008371
883	0.008360
884	0.008350
885	0.008339
886	0.008329
887	0.008318
888	0.008308
889	0.008297
890	0.008287
891	0.008276
892	0.008266
893	0.008256
894	0.008245
895	0.008235
896	0.008225
897	0.008214
898	0.008204
899	0.008194
900	0.008184
901	0.008174
902	0.008164
903	0.008153
904	0.008143
905	0.008133
906	0.008123
907	0.008113
908	0.008103
909	0.008093
910	0.008083
911	0.008074
912	0.008064
913	0.008054
914	0.008044
915	0.008034
916	0.008024
917	0.008015
918	0.008005
919	0.007995
920	0.007986
921	0.007976
922	0.007966
923	0.007957
924	0.007947
925	0.007937
926	0.007928
927	0.007918
928	0.007909
929	0.007899
930	0.007890
931	0.007880
932	0.007871
933	0.007862
934	0.007852
935	0.007843
936	0.007834
937	0.007824
938	0.007815
939	0.007806
940	0.007796
941	0.007787
942	0.007778
943	0.007769
944	0.007760
945	0.007751
946	0.007741
947	0.007732
948	0.007723
949	0.007714
950	0.007705
951	0.007696
952	0.007687
953	0.007678
954	0.007669
955	0.007660
956	0.007651
957	0.007643
958	0.007634
959	0.007625
960	0.007616
961	0.007607
962	0.007598
963	0.007590
964	0.007581
965	0.007572
966	0.007563
967	0.007555
968	0.007546
969	0.007537
970	0.007529
971	0.007520
972	0.007512
973	0.007503
974	0.007495
975	0.007486
976	0.007477
977	0.007469
978	0.007461
979	0.007452
980	0.007444
981	0.007435
982	0.007427
983	0.007418
984	0.007410
985	0.007402
986	0.007393
987	0.007385
988	0.007377
989	0.007369
990	0.007360
991	0.007352
992	0.007344
993	0.007336
994	0.007327
995	0.007319
996	0.007311
997	0.007303
998	0.007295
999	0.007287
1000	0.007279
1001	0.007271
1002	0.007263
1003	0.007255
1004	0.007247
1005	0.007239
1006	0.007231
1007	0.007223
1008	0.007215
1009	0.007207
1010	0.007199
1011	0.007191
1012	0.007183
1013	0.007175
1014	0.007168
1015	0.007160
1016	0.007152
1017	0.007144
1018	0.007137
1019	0.007129
1020	0.007121
1021	0.007113
1022	0.007106
1023	0.007098
1024	0.007090
1025	0.007083
1026	0.007075
1027	0.007067
1028	0.007060
1029	0.007052
1030	0.007045
1031	0.007037
1032	0.007030
1033	0.007022
1034	0.007015
1035	0.007007
1036	0.007000
1037	0.006992
1038	0.006985
1039	0.006977
1040	0.006970
1041	0.006963
1042	0.006955
1043	0.006948
1044	0.006940
1045	0.006933
1046	0.006926
1047	0.006918
1048	0.006911
1049	0.006904
1050	0.006897
1051	0.006889
1052	0.006882
1053	0.006875
1054	0.006868
1055	0.006861
1056	0.006853
1057	0.006846
1058	0.006839
1059	0.006832
1060	0.006825
1061	0.006818
1062	0.006811
1063	0.006804
1064	0.006797
1065	0.006790
1066	0.006783
1067	0.006776
1068	0.006769
1069	0.006762
1070	0.006755
1071	0.006748
1072	0.006741
1073	0.006734
1074	0.006727
1075	0.006720
1076	0.006713
1077	0.006706
1078	0.006700
1079	0.006693
1080	0.006686
1081	0.006679
1082	0.006672
1083	0.006666
1084	0.006659
1085	0.006652
1086	0.006645
1087	0.006639
1088	0.006632
1089	0.006625
1090	0.006618
1091	0.006612
1092	0.006605
1093	0.006598
1094	0.006592
1095	0.006585
1096	0.006579
1097	0.006572
1098	0.006565
1099	0.006559
1100	0.006552
1101	0.006546
1102	0.006539
1103	0.006533
1104	0.006526
1105	0.006520
1106	0.006513
1107	0.006507
1108	0.006500
1109	0.006494
1110	0.006487
1111	0.006481
1112	0.006475
1113	0.006468
1114	0.006462
1115	0.006456
1116	0.006449
1117	0.006443
1118	0.006437
1119	0.006430
1120	0.006424
1121	0.006418
1122	0.006411
1123	0.006405
1124	0.006399
1125	0.006393
1126	0.006386
1127	0.006380
1128	0.006374
1129	0.006368
1130	0.006362
1131	0.006355
1132	0.006349
1133	0.006343
1134	0.006337
1135	0.006331
1136	0.006325
1137	0.006319
1138	0.006313
1139	0.006306
1140	0.006300
1141	0.006294
1142	0.006288
1143	0.006282
1144	0.006276
1145	0.006270
1146	0.006264
1147	0.006258
1148	0.006252
1149	0.006246
1150	0.006240
1151	0.006234
1152	0.006228
1153	0.006223
1154	0.006217
1155	0.006211
1156	0.006205
1157	0.006199
1158	0.006193
1159	0.006187
1160	0.006181
1161	0.006176
1162	0.006170
1163	0.006164
1164	0.006158
1165	0.006152
1166	0.006147
1167	0.006141
1168	0.006135
1169	0.006129
1170	0.006124
1171	0.006118
1172	0.006112
1173	0.006107
1174	0.006101
1175	0.006095
1176	0.006089
1177	0.006084
1178	0.006078
1179	0.006073
1180	0.006067
1181	0.006061
1182	0.006056
1183	0.006050
1184	0.006045
1185	0.006039
1186	0.006033
1187	0.006028
1188	0.006022
1189	0.006017
1190	0.006011
1191	0.006006
1192	0.006000
1193	0.005995
1194	0.005989
1195	0.005984
1196	0.005978
1197	0.005973
1198	0.005967
1199	0.005962
1200	0.005956
1201	0.005951
1202	0.005946
1203	0.005940
1204	0.005935
1205	0.005929
1206	0.005924
1207	0.005919
1208	0.005913
1209	0.005908
1210	0.005903
1211	0.005897
1212	0.005892
1213	0.005887
1214	0.005882
1215	0.005876
1216	0.005871
1217	0.005866
1218	0.005860
1219	0.005855
1220	0.005850
1221	0.005845
1222	0.005840
1223	0.005834
1224	0.005829
1225	0.005824
1226	0.005819
1227	0.005814
1228	0.005808
1229	0.005803
1230	0.005798
1231	0.005793
1232	0.005788
1233	0.005783
1234	0.005778
1235	0.005773
1236	0.005767
1237	0.005762
1238	0.005757
1239	0.005752
1240	0.005747
1241	0.005742
1242	0.005737
1243	0.005732
1244	0.005727
1245	0.005722
1246	0.005717
1247	0.005712
1248	0.005707
1249	0.005702
1250	0.005697
1251	0.005692
1252	0.005687
1253	0.005682
1254	0.005677
1255	0.005672
1256	0.005667
1257	0.005663
1258	0.005658
1259	0.005653
1260	0.005648
1261	0.005643
1262	0.005638
1263	0.005633
1264	0.005628
1265	0.005624
1266	0.005619
1267	0.005614
1268	0.005609
1269	0.005604
1270	0.005599
1271	0.005595
1272	0.005590
1273	0.005585
1274	0.005580
1275	0.005576
1276	0.005571
1277	0.005566
1278	0.005561
1279	0.005557
1280	0.005552
1281	0.005547
1282	0.005542
1283	0.005538
1284	0.005533
1285	0.005528
1286	0.005524
1287	0.005519
1288	0.005514
1289	0.005510
1290	0.005505
1291	0.005500
1292	0.005496
1293	0.005491
1294	0.005487
1295	0.005482
1296	0.005477
1297	0.005473
1298	0.005468
1299	0.005464
1300	0.005459
1301	0.005455
1302	0.005450
1303	0.005445
1304	0.005441
1305	0.005436
1306	0.005432
1307	0.005427
1308	0.005423
1309	0.005418
1310	0.005414
1311	0.005409
1312	0.005405
1313	0.005400
1314	0.005396
1315	0.005392
1316	0.005387
1317	0.005383
1318	0.005378
1319	0.005374
1320	0.005369
1321	0.005365
1322	0.005361
1323	0.005356
1324	0.005352
1325	0.005347
1326	0.005343
1327	0.005339
1328	0.005334
1329	0.005330
1330	0.005326
1331	0.005321
1332	0.005317
1333	0.005313
1334	0.005308
1335	0.005304
1336	0.005300
1337	0.005295
1338	0.005291
1339	0.005287
1340	0.005282
1341	0.005278
1342	0.005274
1343	0.005270
1344	0.005265
1345	0.005261
1346	0.005257
1347	0.005253
1348	0.005248
1349	0.005244
1350	0.005240
1351	0.005236
1352	0.005232
1353	0.005227
1354	0.005223
1355	0.005219
1356	0.005215
1357	0.005211
1358	0.005207
1359	0.005202
1360	0.005198
1361	0.005194
1362	0.005190
1363	0.005186
1364	0.005182
1365	0.005178
1366	0.005174
1367	0.005169
1368	0.005165
1369	0.005161
1370	0.005157
1371	0.005153
1372	0.005149
1373	0.005145
1374	0.005141
1375	0.005137
1376	0.005133
1377	0.005129
1378	0.005125
1379	0.005121
1380	0.005117
1381	0.005113
1382	0.005109
1383	0.005105
1384	0.005101
1385	0.005097
1386	0.005093
1387	0.005089
1388	0.005085
1389	0.005081
1390	0.005077
1391	0.005073
1392	0.005069
1393	0.005065
1394	0.005061
1395	0.005057
1396	0.005053
1397	0.005049
1398	0.005046
1399	0.005042
1400	0.005038
1401	0.005034
1402	0.005030
1403	0.005026
1404	0.005022
1405	0.005018
1406	0.005014
1407	0.005011
1408	0.005007
1409	0.005003
1410	0.004999
1411	0.004995
1412	0.004991
1413	0.004988
1414	0.004984
1415	0.004980
1416	0.004976
1417	0.004972
1418	0.004969
1419	0.004965
1420	0.004961
1421	0.004957
1422	0.004954
1423	0.004950
1424	0.004946
1425	0.004942
1426	0.004939
1427	0.004935
1428	0.004931
1429	0.004927
1430	0.004924
1431	0.004920
1432	0.004916
1433	0.004912
1434	0.004909
1435	0.004905
1436	0.004901
1437	0.004898
1438	0.004894
1439	0.004890
1440	0.004887
1441	0.004883
1442	0.004879
1443	0.004876
1444	0.004872
1445	0.004868
1446	0.004865
1447	0.004861
1448	0.004858
1449	0.004854
1450	0.004850
1451	0.004847
1452	0.004843
1453	0.004839
1454	0.004836
1455	0.004832
1456	0.004829
1457	0.004825
1458	0.004822
1459	0.004818
1460	0.004814
1461	0.004811
1462	0.004807
1463	0.004804
1464	0.004800
1465	0.004797
1466	0.004793
1467	0.004790
1468	0.004786
1469	0.004783
1470	0.004779
1471	0.004776
1472	0.004772
1473	0.004769
1474	0.004765
1475	0.004762
1476	0.004758
1477	0.004755
1478	0.004751
1479	0.004748
1480	0.004744
1481	0.004741
1482	0.004737
1483	0.004734
1484	0.004731
1485	0.004727
1486	0.004724
1487	0.004720
1488	0.004717
1489	0.004713
1490	0.004710
1491	0.004707
1492	0.004703
1493	0.004700
1494	0.004696
1495	0.004693
1496	0.004690
1497	0.004686
1498	0.004683
1499	0.004680
1500	0.004676
1501	0.004673
1502	0.004669
1503	0.004666
1504	0.004663
1505	0.004659
1506	0.004656
1507	0.004653
1508	0.004649
1509	0.004646
1510	0.004643
1511	0.004640
1512	0.004636
1513	0.004633
1514	0.004630
1515	0.004626
1516	0.004623
1517	0.004620
1518	0.004617
1519	0.004613
1520	0.004610
1521	0.004607
1522	0.004603
1523	0.004600
1524	0.004597
1525	0.004594
1526	0.004590
1527	0.004587
1528	0.004584
1529	0.004581
1530	0.004578
1531	0.004574
1532	0.004571
1533	0.004568
1534	0.004565
1535	0.004562
1536	0.004558
1537	0.004555
1538	0.004552
1539	0.004549
1540	0.004546
1541	0.004542
1542	0.004539
1543	0.004536
1544	0.004533
1545	0.004530
1546	0.004527
1547	0.004523
1548	0.004520
1549	0.004517
1550	0.004514
1551	0.004511
1552	0.004508
1553	0.004505
1554	0.004502
1555	0.004498
1556	0.004495
1557	0.004492
1558	0.004489
1559	0.004486
1560	0.004483
1561	0.004480
1562	0.004477
1563	0.004474
1564	0.004471
1565	0.004468
1566	0.004465
1567	0.004461
1568	0.004458
1569	0.004455
1570	0.004452
1571	0.004449
1572	0.004446
1573	0.004443
1574	0.004440
1575	0.004437
1576	0.004434
1577	0.004431
1578	0.004428
1579	0.004425
1580	0.004422
1581	0.004419
1582	0.004416
1583	0.004413
1584	0.004410
1585	0.004407
1586	0.004404
1587	0.004401
1588	0.004398
1589	0.004395
1590	0.004392
1591	0.004389
1592	0.004386
1593	0.004383
1594	0.004380
1595	0.004377
1596	0.004374
1597	0.004371
1598	0.004369
1599	0.004366
1600	0.004363
1601	0.004360
1602	0.004357
1603	0.004354
1604	0.004351
1605	0.004348
1606	0.004345
1607	0.004342
1608	0.004339
1609	0.004337
1610	0.004334
1611	0.004331
1612	0.004328
1613	0.004325
1614	0.004322
1615	0.004319
1616	0.004316
1617	0.004313
1618	0.004311
1619	0.004308
1620	0.004305
1621	0.004302
1622	0.004299
1623	0.004296
1624	0.004294
1625	0.004291
1626	0.004288
1627	0.004285
1628	0.004282
1629	0.004279
1630	0.004277
1631	0.004274
1632	0.004271
1633	0.004268
1634	0.004265
1635	0.004263
1636	0.004260
1637	0.004257
1638	0.004254
1639	0.004251
1640	0.004249
1641	0.004246
1642	0.004243
1643	0.004240
1644	0.004238
1645	0.004235
1646	0.004232
1647	0.004229
1648	0.004227
1649	0.004224
1650	0.004221
1651	0.004218
1652	0.004216
1653	0.004213
1654	0.004210
1655	0.004207
1656	0.004205
1657	0.004202
1658	0.004199
1659	0.004197
1660	0.004194
1661	0.004191
1662	0.004188
1663	0.004186
1664	0.004183
1665	0.004180
1666	0.004178
1667	0.004175
1668	0.004172
1669	0.004170
1670	0.004167
1671	0.004164
1672	0.004162
1673	0.004159
1674	0.004156
1675	0.004154
1676	0.004151
1677	0.004148
1678	0.004146
1679	0.004143
1680	0.004140
1681	0.004138
1682	0.004135
1683	0.004132
1684	0.004130
1685	0.004127
1686	0.004125
1687	0.004122
1688	0.004119
1689	0.004117
1690	0.004114
1691	0.004112
1692	0.004109
1693	0.004106
1694	0.004104
1695	0.004101
1696	0.004099
1697	0.004096
1698	0.004093
1699	0.004091
1700	0.004088
1701	0.004086
1702	0.004083
1703	0.004081
1704	0.004078
1705	0.004075
1706	0.004073
1707	0.004070
1708	0.004068
1709	0.004065
1710	0.004063
1711	0.004060
1712	0.004058
1713	0.004055
1714	0.004053
1715	0.004050
1716	0.004047
1717	0.004045
1718	0.004042
1719	0.004040
1720	0.004037
1721	0.004035
1722	0.004032
1723	0.004030
1724	0.004027
1725	0.004025
1726	0.004022
1727	0.004020
1728	0.004017
1729	0.004015
1730	0.004012
1731	0.004010
1732	0.004008
1733	0.004005
1734	0.004003
1735	0.004000
1736	0.003998
1737	0.003995
1738	0.003993
1739	0.003990
1740	0.003988
1741	0.003985
1742	0.003983
1743	0.003980
1744	0.003978
1745	0.003976
1746	0.003973
1747	0.003971
1748	0.003968
1749	0.003966
1750	0.003963
1751	0.003961
1752	0.003959
1753	0.003956
1754	0.003954
1755	0.003951
1756	0.003949
1757	0.003947
1758	0.003944
1759	0.003942
1760	0.003939
1761	0.003937
1762	0.003935
1763	0.003932
1764	0.003930
1765	0.003928
1766	0.003925
1767	0.003923
1768	0.003920
1769	0.003918
1770	0.003916
1771	0.003913
1772	0.003911
1773	0.003909
1774	0.003906
1775	0.003904
1776	0.003902
1777	0.003899
1778	0.003897
1779	0.003895
1780	0.003892
1781	0.003890
1782	0.003888
1783	0.003885
1784	0.003883
1785	0.003881
1786	0.003878
1787	0.003876
1788	0.003874
1789	0.003871
1790	0.003869
1791	0.003867
1792	0.003864
1793	0.003862
1794	0.003860
1795	0.003857
1796	0.003855
1797	0.003853
1798	0.003851
1799	0.003848
1800	0.003846
1801	0.003844
1802	0.003841
1803	0.003839
1804	0.003837
1805	0.003835
1806	0.003832
1807	0.003830
1808	0.003828
1809	0.003826
1810	0.003823
1811	0.003821
1812	0.003819
1813	0.003817
1814	0.003814
1815	0.003812
1816	0.003810
1817	0.003808
1818	0.003805
1819	0.003803
1820	0.003801
1821	0.003799
1822	0.003797
1823	0.003794
1824	0.003792
1825	0.003790
1826	0.003788
1827	0.003785
1828	0.003783
1829	0.003781
1830	0.003779
1831	0.003777
1832	0.003774
1833	0.003772
1834	0.003770
1835	0.003768
1836	0.003766
1837	0.003763
1838	0.003761
1839	0.003759
1840	0.003757
1841	0.003755
1842	0.003753
1843	0.003750
1844	0.003748
1845	0.003746
1846	0.003744
1847	0.003742
1848	0.003740
1849	0.003737
1850	0.003735
1851	0.003733
1852	0.003731
1853	0.003729
1854	0.003727
1855	0.003725
1856	0.003722
1857	0.003720
1858	0.003718
1859	0.003716
1860	0.003714
1861	0.003712
1862	0.003710
1863	0.003708
1864	0.003705
1865	0.003703
1866	0.003701
1867	0.003699
1868	0.003697
1869	0.003695
1870	0.003693
1871	0.003691
1872	0.003689
1873	0.003686
1874	0.003684
1875	0.003682
1876	0.003680
1877	0.003678
1878	0.003676
1879	0.003674
1880	0.003672
1881	0.003670
1882	0.003668
1883	0.003666
1884	0.003664
1885	0.003661
1886	0.003659
1887	0.003657
1888	0.003655
1889	0.003653
1890	0.003651
1891	0.003649
1892	0.003647
1893	0.003645
1894	0.003643
1895	0.003641
1896	0.003639
1897	0.003637
1898	0.003635
1899	0.003633
1900	0.003631
1901	0.003629
1902	0.003627
1903	0.003625
1904	0.003623
1905	0.003621
1906	0.003619
1907	0.003617
1908	0.003615
1909	0.003612
1910	0.003610
1911	0.003608
1912	0.003606
1913	0.003604
1914	0.003602
1915	0.003600
1916	0.003598
1917	0.003596
1918	0.003594
1919	0.003592
1920	0.003590
1921	0.003588
1922	0.003587
1923	0.003585
1924	0.003583
1925	0.003581
1926	0.003579
1927	0.003577
1928	0.003575
1929	0.003573
1930	0.003571
1931	0.003569
1932	0.003567
1933	0.003565
1934	0.003563
1935	0.003561
1936	0.003559
1937	0.003557
1938	0.003555
1939	0.003553
1940	0.003551
1941	0.003549
1942	0.003547
1943	0.003545
1944	0.003543
1945	0.003541
1946	0.003539
1947	0.003538
1948	0.003536
1949	0.003534
1950	0.003532
1951	0.003530
1952	0.003528
1953	0.003526
1954	0.003524
1955	0.003522
1956	0.003520
1957	0.003518
1958	0.003516
1959	0.003515
1960	0.003513
1961	0.003511
1962	0.003509
1963	0.003507
1964	0.003505
1965	0.003503
1966	0.003501
1967	0.003499
1968	0.003497
1969	0.003496
1970	0.003494
1971	0.003492
1972	0.003490
1973	0.003488
1974	0.003486
1975	0.003484
1976	0.003482
1977	0.003481
1978	0.003479
1979	0.003477
1980	0.003475
1981	0.003473
1982	0.003471
1983	0.003469
1984	0.003467
1985	0.003466
1986	0.003464
1987	0.003462
1988	0.003460
1989	0.003458
1990	0.003456
1991	0.003455
1992	0.003453
1993	0.003451
1994	0.003449
1995	0.003447
1996	0.003445
1997	0.003444
1998	0.003442
1999	0.003440
2000	0.003438
2001	0.003436
2002	0.003434
2003	0.003433
2004	0.003431
2005	0.003429
2006	0.003427
2007	0.003425
2008	0.003423
2009	0.003422
2010	0.003420
2011	0.003418
2012	0.003416
2013	0.003414
2014	0.003413
2015	0.003411
2016	0.003409
2017	0.003407
2018	0.003405
2019	0.003404
2020	0.003402
2021	0.003400
2022	0.003398
2023	0.003397
2024	0.003395
2025	0.003393
2026	0.003391
2027	0.003389
2028	0.003388
2029	0.003386
2030	0.003384
2031	0.003382
2032	0.003381
2033	0.003379
2034	0.003377
2035	0.003375
2036	0.003374
2037	0.003372
2038	0.003370
2039	0.003368
2040	0.003367
2041	0.003365
2042	0.003363
2043	0.003361
2044	0.003360
2045	0.003358
2046	0.003356
2047	0.003354
2048	0.003353
2049	0.003351
2050	0.003349
2051	0.003347
2052	0.003346
2053	0.003344
2054	0.003342
2055	0.003340
2056	0.003339
2057	0.003337
2058	0.003335
2059	0.003334
2060	0.003332
2061	0.003330
2062	0.003328
2063	0.003327
2064	0.003325
2065	0.003323
2066	0.003322
2067	0.003320
2068	0.003318
2069	0.003316
2070	0.003315
2071	0.003313
2072	0.003311
2073	0.003310
2074	0.003308
2075	0.003306
2076	0.003305
2077	0.003303
2078	0.003301
2079	0.003300
2080	0.003298
2081	0.003296
2082	0.003295
2083	0.003293
2084	0.003291
2085	0.003290
2086	0.003288
2087	0.003286
2088	0.003285
2089	0.003283
2090	0.003281
2091	0.003280
2092	0.003278
2093	0.003276
2094	0.003275
2095	0.003273
2096	0.003271
2097	0.003270
2098	0.003268
2099	0.003266
2100	0.003265
2101	0.003263
2102	0.003261
2103	0.003260
2104	0.003258
2105	0.003256
2106	0.003255
2107	0.003253
2108	0.003251
2109	0.003250
2110	0.003248
2111	0.003247
2112	0.003245
2113	0.003243
2114	0.003242
2115	0.003240
2116	0.003238
2117	0.003237
2118	0.003235
2119	0.003234
2120	0.003232
2121	0.003230
2122	0.003229
2123	0.003227
2124	0.003226
2125	0.003224
2126	0.003222
2127	0.003221
2128	0.003219
2129	0.003218
2130	0.003216
2131	0.003214
2132	0.003213
2133	0.003211
2134	0.003210
2135	0.003208
2136	0.003206
2137	0.003205
2138	0.003203
2139	0.003202
2140	0.003200
2141	0.003198
2142	0.003197
2143	0.003195
2144	0.003194
2145	0.003192
2146	0.003191
2147	0.003189
2148	0.003187
2149	0.003186
2150	0.003184
2151	0.003183
2152	0.003181
2153	0.003180
2154	0.003178
2155	0.003176
2156	0.003175
2157	0.003173
2158	0.003172
2159	0.003170
2160	0.003169
2161	0.003167
2162	0.003166
2163	0.003164
2164	0.003162
2165	0.003161
2166	0.003159
2167	0.003158
2168	0.003156
2169	0.003155
2170	0.003153
2171	0.003152
2172	0.003150
2173	0.003149
2174	0.003147
2175	0.003146
2176	0.003144
2177	0.003142
2178	0.003141
2179	0.003139
2180	0.003138
2181	0.003136
2182	0.003135
2183	0.003133
2184	0.003132
2185	0.003130
2186	0.003129
2187	0.003127
2188	0.003126
2189	0.003124
2190	0.003123
2191	0.003121
2192	0.003120
2193	0.003118
2194	0.003117
2195	0.003115
2196	0.003114
2197	0.003112
2198	0.003111
2199	0.003109
2200	0.003108
2201	0.003106
2202	0.003105
2203	0.003103
2204	0.003102
2205	0.003100
2206	0.003099
2207	0.003097
2208	0.003096
2209	0.003094
2210	0.003093
2211	0.003091
2212	0.003090
2213	0.003088
2214	0.003087
2215	0.003085
2216	0.003084
2217	0.003083
2218	0.003081
2219	0.003080
2220	0.003078
2221	0.003077
2222	0.003075
2223	0.003074
2224	0.003072
2225	0.003071
2226	0.003069
2227	0.003068
2228	0.003066
2229	0.003065
2230	0.003064
2231	0.003062
2232	0.003061
2233	0.003059
2234	0.003058
2235	0.003056
2236	0.003055
2237	0.003053
2238	0.003052
2239	0.003051
2240	0.003049
2241	0.003048
2242	0.003046
2243	0.003045
2244	0.003043
2245	0.003042
2246	0.003040
2247	0.003039
2248	0.003038
2249	0.003036
2250	0.003035
2251	0.003033
2252	0.003032
2253	0.003031
2254	0.003029
2255	0.003028
2256	0.003026
2257	0.003025
2258	0.003023
2259	0.003022
2260	0.003021
2261	0.003019
2262	0.003018
2263	0.003016
2264	0.003015
2265	0.003014
2266	0.003012
2267	0.003011
2268	0.003009
2269	0.003008
2270	0.003007
2271	0.003005
2272	0.003004
2273	0.003002
2274	0.003001
2275	0.003000
2276	0.002998
2277	0.002997
2278	0.002995
2279	0.002994
2280	0.002993
2281	0.002991
2282	0.002990
2283	0.002988
2284	0.002987
2285	0.002986
2286	0.002984
2287	0.002983
2288	0.002982
2289	0.002980
2290	0.002979
2291	0.002977
2292	0.002976
2293	0.002975
2294	0.002973
2295	0.002972
2296	0.002971
2297	0.002969
2298	0.002968
2299	0.002967
2300	0.002965
2301	0.002964
2302	0.002962
2303	0.002961
2304	0.002960
2305	0.002958
2306	0.002957
2307	0.002956
2308	0.002954
2309	0.002953
2310	0.002952
2311	0.002950
2312	0.002949
2313	0.002948
2314	0.002946
2315	0.002945
2316	0.002944
2317	0.002942
2318	0.002941
2319	0.002940
2320	0.002938
2321	0.002937
2322	0.002936
2323	0.002934
2324	0.002933
2325	0.002932
2326	0.002930
2327	0.002929
2328	0.002928
2329	0.002926
2330	0.002925
2331	0.002924
2332	0.002922
2333	0.002921
2334	0.002920
2335	0.002918
2336	0.002917
2337	0.002916
2338	0.002914
2339	0.002913
2340	0.002912
2341	0.002910
2342	0.002909
2343	0.002908
2344	0.002906
2345	0.002905
2346	0.002904
2347	0.002903
2348	0.002901
2349	0.002900
2350	0.002899
2351	0.002897
2352	0.002896
2353	0.002895
2354	0.002893
2355	0.002892
2356	0.002891
2357	0.002890
2358	0.002888
2359	0.002887
2360	0.002886
2361	0.002884
2362	0.002883
2363	0.002882
2364	0.002881
2365	0.002879
2366	0.002878
2367	0.002877
2368	0.002875
2369	0.002874
2370	0.002873
2371	0.002872
2372	0.002870
2373	0.002869
2374	0.002868
2375	0.002866
2376	0.002865
2377	0.002864
2378	0.002863
2379	0.002861
2380	0.002860
2381	0.002859
2382	0.002858
2383	0.002856
2384	0.002855
2385	0.002854
2386	0.002853
2387	0.002851
2388	0.002850
2389	0.002849
2390	0.002847
2391	0.002846
2392	0.002845
2393	0.002844
2394	0.002842
2395	0.002841
2396	0.002840
2397	0.002839
2398	0.002837
2399	0.002836
2400	0.002835
2401	0.002834
2402	0.002832
2403	0.002831
2404	0.002830
2405	0.002829
2406	0.002828
2407	0.002826
2408	0.002825
2409	0.002824
2410	0.002823
2411	0.002821
2412	0.002820
2413	0.002819
2414	0.002818
2415	0.002816
2416	0.002815
2417	0.002814
2418	0.002813
2419	0.002812
2420	0.002810
2421	0.002809
2422	0.002808
2423	0.002807
2424	0.002805
2425	0.002804
2426	0.002803
2427	0.002802
2428	0.002801
2429	0.002799
2430	0.002798
2431	0.002797
2432	0.002796
2433	0.002794
2434	0.002793
2435	0.002792
2436	0.002791
2437	0.002790
2438	0.002788
2439	0.002787
2440	0.002786
2441	0.002785
2442	0.002784
2443	0.002782
2444	0.002781
2445	0.002780
2446	0.002779
2447	0.002778
2448	0.002776
2449	0.002775
2450	0.002774
2451	0.002773
2452	0.002772
2453	0.002770
2454	0.002769
2455	0.002768
2456	0.002767
2457	0.002766
2458	0.002765
2459	0.002763
2460	0.002762
2461	0.002761
2462	0.002760
2463	0.002759
2464	0.002757
2465	0.002756
2466	0.002755
2467	0.002754
2468	0.002753
2469	0.002752
2470	0.002750
2471	0.002749
2472	0.002748
2473	0.002747
2474	0.002746
2475	0.002745
2476	0.002743
2477	0.002742
2478	0.002741
2479	0.002740
2480	0.002739
2481	0.002738
2482	0.002736
2483	0.002735
2484	0.002734
2485	0.002733
2486	0.002732
2487	0.002731
2488	0.002729
2489	0.002728
2490	0.002727
2491	0.002726
2492	0.002725
2493	0.002724
2494	0.002723
2495	0.002721
2496	0.002720
2497	0.002719
2498	0.002718
2499	0.002717
2500	0.002716
2501	0.002715
2502	0.002713
2503	0.002712
2504	0.002711
2505	0.002710
2506	0.002709
2507	0.002708
2508	0.002707
2509	0.002705
2510	0.002704
2511	0.002703
2512	0.002702
2513	0.002701
2514	0.002700
2515	0.002699
2516	0.002697
2517	0.002696
2518	0.002695
2519	0.002694
2520	0.002693
2521	0.002692
2522	0.002691
2523	0.002690
2524	0.002689
2525	0.002687
2526	0.002686
2527	0.002685
2528	0.002684
2529	0.002683
2530	0.002682
2531	0.002681
2532	0.002680
2533	0.002678
2534	0.002677
2535	0.002676
2536	0.002675
2537	0.002674
2538	0.002673
2539	0.002672
2540	0.002671
2541	0.002670
2542	0.002668
2543	0.002667
2544	0.002666
2545	0.002665
2546	0.002664
2547	0.002663
2548	0.002662
2549	0.002661
2550	0.002660
2551	0.002659
2552	0.002657
2553	0.002656
2554	0.002655
2555	0.002654
2556	0.002653
2557	0.002652
2558	0.002651
2559	0.002650
2560	0.002649
2561	0.002648
2562	0.002647
2563	0.002645
2564	0.002644
2565	0.002643
2566	0.002642
2567	0.002641
2568	0.002640
2569	0.002639
2570	0.002638
2571	0.002637
2572	0.002636
2573	0.002635
2574	0.002634
2575	0.002633
2576	0.002631
2577	0.002630
2578	0.002629
2579	0.002628
2580	0.002627
2581	0.002626
2582	0.002625
2583	0.002624
2584	0.002623
2585	0.002622
2586	0.002621
2587	0.002620
2588	0.002619
2589	0.002618
2590	0.002617
2591	0.002615
2592	0.002614
2593	0.002613
2594	0.002612
2595	0.002611
2596	0.002610
2597	0.002609
2598	0.002608
2599	0.002607
2600	0.002606
2601	0.002605
2602	0.002604
2603	0.002603
2604	0.002602
2605	0.002601
2606	0.002600
2607	0.002599
2608	0.002598
2609	0.002596
2610	0.002595
2611	0.002594
2612	0.002593
2613	0.002592
2614	0.002591
2615	0.002590
2616	0.002589
2617	0.002588
2618	0.002587
2619	0.002586
2620	0.002585
2621	0.002584
2622	0.002583
2623	0.002582
2624	0.002581
2625	0.002580
2626	0.002579
2627	0.002578
2628	0.002577
2629	0.002576
2630	0.002575
2631	0.002574
2632	0.002573
2633	0.002572
2634	0.002571
2635	0.002570
2636	0.002569
2637	0.002568
2638	0.002567
2639	0.002565
2640	0.002564
2641	0.002563
2642	0.002562
2643	0.002561
2644	0.002560
2645	0.002559
2646	0.002558
2647	0.002557
2648	0.002556
2649	0.002555
2650	0.002554
2651	0.002553
2652	0.002552
2653	0.002551
2654	0.002550
2655	0.002549
2656	0.002548
2657	0.002547
2658	0.002546
2659	0.002545
2660	0.002544
2661	0.002543
2662	0.002542
2663	0.002541
2664	0.002540
2665	0.002539
2666	0.002538
2667	0.002537
2668	0.002536
2669	0.002535
2670	0.002534
2671	0.002533
2672	0.002532
2673	0.002531
2674	0.002530
2675	0.002529
2676	0.002528
2677	0.002527
2678	0.002526
2679	0.002525
2680	0.002524
2681	0.002523
2682	0.002522
2683	0.002521
2684	0.002520
2685	0.002519
2686	0.002518
2687	0.002517
2688	0.002516
2689	0.002515
2690	0.002514
2691	0.002513
2692	0.002512
2693	0.002511
2694	0.002511
2695	0.002510
2696	0.002509
2697	0.002508
2698	0.002507
2699	0.002506
2700	0.002505
2701	0.002504
2702	0.002503
2703	0.002502
2704	0.002501
2705	0.002500
2706	0.002499
2707	0.002498
2708	0.002497
2709	0.002496
2710	0.002495
2711	0.002494
2712	0.002493
2713	0.002492
2714	0.002491
2715	0.002490
2716	0.002489
2717	0.002488
2718	0.002487
2719	0.002486
2720	0.002485
2721	0.002484
2722	0.002483
2723	0.002482
2724	0.002482
2725	0.002481
2726	0.002480
2727	0.002479
2728	0.002478
2729	0.002477
2730	0.002476
2731	0.002475
2732	0.002474
2733	0.002473
2734	0.002472
2735	0.002471
2736	0.002470
2737	0.002469
2738	0.002468
2739	0.002467
2740	0.002466
2741	0.002465
2742	0.002464
2743	0.002463
2744	0.002463
2745	0.002462
2746	0.002461
2747	0.002460
2748	0.002459
2749	0.002458
2750	0.002457
2751	0.002456
2752	0.002455
2753	0.002454
2754	0.002453
2755	0.002452
2756	0.002451
2757	0.002450
2758	0.002449
2759	0.002448
2760	0.002448
2761	0.002447
2762	0.002446
2763	0.002445
2764	0.002444
2765	0.002443
2766	0.002442
2767	0.002441
2768	0.002440
2769	0.002439
2770	0.002438
2771	0.002437
2772	0.002436
2773	0.002436
2774	0.002435
2775	0.002434
2776	0.002433
2777	0.002432
2778	0.002431
2779	0.002430
2780	0.002429
2781	0.002428
2782	0.002427
2783	0.002426
2784	0.002425
2785	0.002425
2786	0.002424
2787	0.002423
2788	0.002422
2789	0.002421
2790	0.002420
2791	0.002419
2792	0.002418
2793	0.002417
2794	0.002416
2795	0.002415
2796	0.002415
2797	0.002414
2798	0.002413
2799	0.002412
2800	0.002411
2801	0.002410
2802	0.002409
2803	0.002408
2804	0.002407
2805	0.002406
2806	0.002406
2807	0.002405
2808	0.002404
2809	0.002403
2810	0.002402
2811	0.002401
2812	0.002400
2813	0.002399
2814	0.002398
2815	0.002397
2816	0.002397
2817	0.002396
2818	0.002395
2819	0.002394
2820	0.002393
2821	0.002392
2822	0.002391
2823	0.002390
2824	0.002389
2825	0.002389
2826	0.002388
2827	0.002387
2828	0.002386
2829	0.002385
2830	0.002384
2831	0.002383
2832	0.002382
2833	0.002381
2834	0.002381
2835	0.002380
2836	0.002379
2837	0.002378
2838	0.002377
2839	0.002376
2840	0.002375
2841	0.002374
2842	0.002374
2843	0.002373
2844	0.002372
2845	0.002371
2846	0.002370
2847	0.002369
2848	0.002368
2849	0.002367
2850	0.002367
2851	0.002366
2852	0.002365
2853	0.002364
2854	0.002363
2855	0.002362
2856	0.002361
2857	0.002361
2858	0.002360
2859	0.002359
2860	0.002358
2861	0.002357
2862	0.002356
2863	0.002355
2864	0.002354
2865	0.002354
2866	0.002353
2867	0.002352
2868	0.002351
2869	0.002350
2870	0.002349
2871	0.002348
2872	0.002348
2873	0.002347
2874	0.002346
2875	0.002345
2876	0.002344
2877	0.002343
2878	0.002342
2879	0.002342
2880	0.002341
2881	0.002340
2882	0.002339
2883	0.002338
2884	0.002337
2885	0.002337
2886	0.002336
2887	0.002335
2888	0.002334
2889	0.002333
2890	0.002332
2891	0.002331
2892	0.002331
2893	0.002330
2894	0.002329
2895	0.002328
2896	0.002327
2897	0.002326
2898	0.002326
2899	0.002325
2900	0.002324
2901	0.002323
2902	0.002322
2903	0.002321
2904	0.002321
2905	0.002320
2906	0.002319
2907	0.002318
2908	0.002317
2909	0.002316
2910	0.002316
2911	0.002315
2912	0.002314
2913	0.002313
2914	0.002312
2915	0.002311
2916	0.002311
2917	0.002310
2918	0.002309
2919	0.002308
2920	0.002307
2921	0.002306
2922	0.002306
2923	0.002305
2924	0.002304
2925	0.002303
2926	0.002302
2927	0.002301
2928	0.002301
2929	0.002300
2930	0.002299
2931	0.002298
2932	0.002297
2933	0.002297
2934	0.002296
2935	0.002295
2936	0.002294
2937	0.002293
2938	0.002292
2939	0.002292
2940	0.002291
2941	0.002290
2942	0.002289
2943	0.002288
2944	0.002288
2945	0.002287
2946	0.002286
2947	0.002285
2948	0.002284
2949	0.002283
2950	0.002283
2951	0.002282
2952	0.002281
2953	0.002280
2954	0.002279
2955	0.002279
2956	0.002278
2957	0.002277
2958	0.002276
2959	0.002275
2960	0.002275
2961	0.002274
2962	0.002273
2963	0.002272
2964	0.002271
2965	0.002271
2966	0.002270
2967	0.002269
2968	0.002268
2969	0.002267
2970	0.002267
2971	0.002266
2972	0.002265
2973	0.002264
2974	0.002263
2975	0.002263
2976	0.002262
2977	0.002261
2978	0.002260
2979	0.002259
2980	0.002259
2981	0.002258
2982	0.002257
2983	0.002256
2984	0.002255
2985	0.002255
2986	0.002254
2987	0.002253
2988	0.002252
2989	0.002252
2990	0.002251
2991	0.002250
2992	0.002249
2993	0.002248
2994	0.002248
2995	0.002247
2996	0.002246
2997	0.002245
2998	0.002244
2999	0.002244
3000	0.002243
3001	0.002242
3002	0.002241
3003	0.002241
3004	0.002240
3005	0.002239
3006	0.002238
3007	0.002237
3008	0.002237
3009	0.002236
3010	0.002235
3011	0.002234
3012	0.002234
3013	0.002233
3014	0.002232
3015	0.002231
3016	0.002230
3017	0.002230
3018	0.002229
3019	0.002228
3020	0.002227
3021	0.002227
3022	0.002226
3023	0.002225
3024	0.002224
3025	0.002223
3026	0.002223
3027	0.002222
3028	0.002221
3029	0.002220
3030	0.002220
3031	0.002219
3032	0.002218
3033	0.002217
3034	0.002217
3035	0.002216
3036	0.002215
3037	0.002214
3038	0.002214
3039	0.002213
3040	0.002212
3041	0.002211
3042	0.002211
3043	0.002210
3044	0.002209
3045	0.002208
3046	0.002207
3047	0.002207
3048	0.002206
3049	0.002205
3050	0.002204
3051	0.002204
3052	0.002203
3053	0.002202
3054	0.002201
3055	0.002201
3056	0.002200
3057	0.002199
3058	0.002198
3059	0.002198
3060	0.002197
3061	0.002196
3062	0.002195
3063	0.002195
3064	0.002194
3065	0.002193
3066	0.002192
3067	0.002192
3068	0.002191
3069	0.002190
3070	0.002189
3071	0.002189
3072	0.002188
3073	0.002187
3074	0.002186
3075	0.002186
3076	0.002185
3077	0.002184
3078	0.002183
3079	0.002183
3080	0.002182
3081	0.002181
3082	0.002181
3083	0.002180
3084	0.002179
3085	0.002178
3086	0.002178
3087	0.002177
3088	0.002176
3089	0.002175
3090	0.002175
3091	0.002174
3092	0.002173
3093	0.002172
3094	0.002172
3095	0.002171
3096	0.002170
3097	0.002169
3098	0.002169
3099	0.002168
3100	0.002167
3101	0.002167
3102	0.002166
3103	0.002165
3104	0.002164
3105	0.002164
3106	0.002163
3107	0.002162
3108	0.002161
3109	0.002161
3110	0.002160
3111	0.002159
3112	0.002159
3113	0.002158
3114	0.002157
3115	0.002156
3116	0.002156
3117	0.002155
3118	0.002154
3119	0.002153
3120	0.002153
3121	0.002152
3122	0.002151
3123	0.002151
3124	0.002150
3125	0.002149
3126	0.002148
3127	0.002148
3128	0.002147
3129	0.002146
3130	0.002146
3131	0.002145
3132	0.002144
3133	0.002143
3134	0.002143
3135	0.002142
3136	0.002141
3137	0.002141
3138	0.002140
3139	0.002139
3140	0.002138
3141	0.002138
3142	0.002137
3143	0.002136
3144	0.002136
3145	0.002135
3146	0.002134
3147	0.002133
3148	0.002133
3149	0.002132
3150	0.002131
3151	0.002131
3152	0.002130
3153	0.002129
3154	0.002129
3155	0.002128
3156	0.002127
3157	0.002126
3158	0.002126
3159	0.002125
3160	0.002124
3161	0.002124
3162	0.002123
3163	0.002122
3164	0.002122
3165	0.002121
3166	0.002120
3167	0.002119
3168	0.002119
3169	0.002118
3170	0.002117
3171	0.002117
3172	0.002116
3173	0.002115
3174	0.002115
3175	0.002114
3176	0.002113
3177	0.002112
3178	0.002112
3179	0.002111
3180	0.002110
3181	0.002110
3182	0.002109
3183	0.002108
3184	0.002108
3185	0.002107
3186	0.002106
3187	0.002106
3188	0.002105
3189	0.002104
3190	0.002103
3191	0.002103
3192	0.002102
3193	0.002101
3194	0.002101
3195	0.002100
3196	0.002099
3197	0.002099
3198	0.002098
3199	0.002097
3200	0.002097
3201	0.002096
3202	0.002095
3203	0.002095
3204	0.002094
3205	0.002093
3206	0.002093
3207	0.002092
3208	0.002091
3209	0.002090
3210	0.002090
3211	0.002089
3212	0.002088
3213	0.002088
3214	0.002087
3215	0.002086
3216	0.002086
3217	0.002085
3218	0.002084
3219	0.002084
3220	0.002083
3221	0.002082
3222	0.002082
3223	0.002081
3224	0.002080
3225	0.002080
3226	0.002079
3227	0.002078
3228	0.002078
3229	0.002077
3230	0.002076
3231	0.002076
3232	0.002075
3233	0.002074
3234	0.002074
3235	0.002073
3236	0.002072
3237	0.002072
3238	0.002071
3239	0.002070
3240	0.002070
3241	0.002069
3242	0.002068
3243	0.002068
3244	0.002067
3245	0.002066
3246	0.002066
3247	0.002065
3248	0.002064
3249	0.002064
3250	0.002063
3251	0.002062
3252	0.002062
3253	0.002061
3254	0.002060
3255	0.002060
3256	0.002059
3257	0.002058
3258	0.002058
3259	0.002057
3260	0.002056
3261	0.002056
3262	0.002055
3263	0.002054
3264	0.002054
3265	0.002053
3266	0.002052
3267	0.002052
3268	0.002051
3269	0.002050
3270	0.002050
3271	0.002049
3272	0.002048
3273	0.002048
3274	0.002047
3275	0.002047
3276	0.002046
3277	0.002045
3278	0.002045
3279	0.002044
3280	0.002043
3281	0.002043
3282	0.002042
3283	0.002041
3284	0.002041
3285	0.002040
3286	0.002039
3287	0.002039
3288	0.002038
3289	0.002037
3290	0.002037
3291	0.002036
3292	0.002036
3293	0.002035
3294	0.002034
3295	0.002034
3296	0.002033
3297	0.002032
3298	0.002032
3299	0.002031
3300	0.002030
3301	0.002030
3302	0.002029
3303	0.002028
3304	0.002028
3305	0.002027
3306	0.002027
3307	0.002026
3308	0.002025
3309	0.002025
3310	0.002024
3311	0.002023
3312	0.002023
3313	0.002022
3314	0.002021
3315	0.002021
3316	0.002020
3317	0.002020
3318	0.002019
3319	0.002018
3320	0.002018
3321	0.002017
3322	0.002016
3323	0.002016
3324	0.002015
3325	0.002014
3326	0.002014
3327	0.002013
3328	0.002013
3329	0.002012
3330	0.002011
3331	0.002011
3332	0.002010
3333	0.002009
3334	0.002009
3335	0.002008
3336	0.002008
3337	0.002007
3338	0.002006
3339	0.002006
3340	0.002005
3341	0.002004
3342	0.002004
3343	0.002003
3344	0.002003
3345	0.002002
3346	0.002001
3347	0.002001
3348	0.002000
3349	0.001999
3350	0.001999
3351	0.001998
3352	0.001998
3353	0.001997
3354	0.001996
3355	0.001996
3356	0.001995
3357	0.001994
3358	0.001994
3359	0.001993
3360	0.001993
3361	0.001992
3362	0.001991
3363	0.001991
3364	0.001990
3365	0.001989
3366	0.001989
3367	0.001988
3368	0.001988
3369	0.001987
3370	0.001986
3371	0.001986
3372	0.001985
3373	0.001985
3374	0.001984
3375	0.001983
3376	0.001983
3377	0.001982
3378	0.001981
3379	0.001981
3380	0.001980
3381	0.001980
3382	0.001979
3383	0.001978
3384	0.001978
3385	0.001977
3386	0.001977
3387	0.001976
3388	0.001975
3389	0.001975
3390	0.001974
3391	0.001974
3392	0.001973
3393	0.001972
3394	0.001972
3395	0.001971
3396	0.001971
3397	0.001970
3398	0.001969
3399	0.001969
3400	0.001968
3401	0.001968
3402	0.001967
3403	0.001966
3404	0.001966
3405	0.001965
3406	0.001965
3407	0.001964
3408	0.001963
3409	0.001963
3410	0.001962
3411	0.001962
3412	0.001961
3413	0.001960
3414	0.001960
3415	0.001959
3416	0.001959
3417	0.001958
3418	0.001957
3419	0.001957
3420	0.001956
3421	0.001956
3422	0.001955
3423	0.001954
3424	0.001954
3425	0.001953
3426	0.001953
3427	0.001952
3428	0.001951
3429	0.001951
3430	0.001950
3431	0.001950
3432	0.001949
3433	0.001948
3434	0.001948
3435	0.001947
3436	0.001947
3437	0.001946
3438	0.001945
3439	0.001945
3440	0.001944
3441	0.001944
3442	0.001943
3443	0.001943
3444	0.001942
3445	0.001941
3446	0.001941
3447	0.001940
3448	0.001940
3449	0.001939
3450	0.001938
3451	0.001938
3452	0.001937
3453	0.001937
3454	0.001936
3455	0.001936
3456	0.001935
3457	0.001934
3458	0.001934
3459	0.001933
3460	0.001933
3461	0.001932
3462	0.001931
3463	0.001931
3464	0.001930
3465	0.001930
3466	0.001929
3467	0.001929
3468	0.001928
3469	0.001927
3470	0.001927
3471	0.001926
3472	0.001926
3473	0.001925
3474	0.001924
3475	0.001924
3476	0.001923
3477	0.001923
3478	0.001922
3479	0.001922
3480	0.001921
3481	0.001920
3482	0.001920
3483	0.001919
3484	0.001919
3485	0.001918
3486	0.001918
3487	0.001917
3488	0.001916
3489	0.001916
3490	0.001915
3491	0.001915
3492	0.001914
3493	0.001914
3494	0.001913
3495	0.001912
3496	0.001912
3497	0.001911
3498	0.001911
3499	0.001910
3500	0.001910
3501	0.001909
3502	0.001908
3503	0.001908
3504	0.001907
3505	0.001907
3506	0.001906
3507	0.001906
3508	0.001905
3509	0.001904
3510	0.001904
3511	0.001903
3512	0.001903
3513	0.001902
3514	0.001902
3515	0.001901
3516	0.001901
3517	0.001900
3518	0.001899
3519	0.001899
3520	0.001898
3521	0.001898
3522	0.001897
3523	0.001897
3524	0.001896
3525	0.001895
3526	0.001895
3527	0.001894
3528	0.001894
3529	0.001893
3530	0.001893
3531	0.001892
3532	0.001892
3533	0.001891
3534	0.001890
3535	0.001890
3536	0.001889
3537	0.001889
3538	0.001888
3539	0.001888
3540	0.001887
3541	0.001887
3542	0.001886
3543	0.001885
3544	0.001885
3545	0.001884
3546	0.001884
3547	0.001883
3548	0.001883
3549	0.001882
3550	0.001882
3551	0.001881
3552	0.001881
3553	0.001880
3554	0.001879
3555	0.001879
3556	0.001878
3557	0.001878
3558	0.001877
3559	0.001877
3560	0.001876
3561	0.001876
3562	0.001875
3563	0.001874
3564	0.001874
3565	0.001873
3566	0.001873
3567	0.001872
3568	0.001872
3569	0.001871
3570	0.001871
3571	0.001870
3572	0.001870
3573	0.001869
3574	0.001868
3575	0.001868
3576	0.001867
3577	0.001867
3578	0.001866
3579	0.001866
3580	0.001865
3581	0.001865
3582	0.001864
3583	0.001864
3584	0.001863
3585	0.001862
3586	0.001862
3587	0.001861
3588	0.001861
3589	0.001860
3590	0.001860
3591	0.001859
3592	0.001859
3593	0.001858
3594	0.001858
3595	0.001857
3596	0.001857
3597	0.001856
3598	0.001855
3599	0.001855
3600	0.001854
3601	0.001854
3602	0.001853
3603	0.001853
3604	0.001852
3605	0.001852
3606	0.001851
3607	0.001851
3608	0.001850
3609	0.001850
3610	0.001849
3611	0.001849
3612	0.001848
3613	0.001847
3614	0.001847
3615	0.001846
3616	0.001846
3617	0.001845
3618	0.001845
3619	0.001844
3620	0.001844
3621	0.001843
3622	0.001843
3623	0.001842
3624	0.001842
3625	0.001841
3626	0.001841
3627	0.001840
3628	0.001840
3629	0.001839
3630	0.001838
3631	0.001838
3632	0.001837
3633	0.001837
3634	0.001836
3635	0.001836
3636	0.001835
3637	0.001835
3638	0.001834
3639	0.001834
3640	0.001833
3641	0.001833
3642	0.001832
3643	0.001832
3644	0.001831
3645	0.001831
3646	0.001830
3647	0.001830
3648	0.001829
3649	0.001829
3650	0.001828
3651	0.001827
3652	0.001827
3653	0.001826
3654	0.001826
3655	0.001825
3656	0.001825
3657	0.001824
3658	0.001824
3659	0.001823
3660	0.001823
3661	0.001822
3662	0.001822
3663	0.001821
3664	0.001821
3665	0.001820
3666	0.001820
3667	0.001819
3668	0.001819
3669	0.001818
3670	0.001818
3671	0.001817
3672	0.001817
3673	0.001816
3674	0.001816
3675	0.001815
3676	0.001815
3677	0.001814
3678	0.001814
3679	0.001813
3680	0.001813
3681	0.001812
3682	0.001811
3683	0.001811
3684	0.001810
3685	0.001810
3686	0.001809
3687	0.001809
3688	0.001808
3689	0.001808
3690	0.001807
3691	0.001807
3692	0.001806
3693	0.001806
3694	0.001805
3695	0.001805
3696	0.001804
3697	0.001804
3698	0.001803
3699	0.001803
3700	0.001802
3701	0.001802
3702	0.001801
3703	0.001801
3704	0.001800
3705	0.001800
3706	0.001799
3707	0.001799
3708	0.001798
3709	0.001798
3710	0.001797
3711	0.001797
3712	0.001796
3713	0.001796
3714	0.001795
3715	0.001795
3716	0.001794
3717	0.001794
3718	0.001793
3719	0.001793
3720	0.001792
3721	0.001792
3722	0.001791
3723	0.001791
3724	0.001790
3725	0.001790
3726	0.001789
3727	0.001789
3728	0.001788
3729	0.001788
3730	0.001787
3731	0.001787
3732	0.001786
3733	0.001786
3734	0.001785
3735	0.001785
3736	0.001784
3737	0.001784
3738	0.001783
3739	0.001783
3740	0.001782
3741	0.001782
3742	0.001781
3743	0.001781
3744	0.001780
3745	0.001780
3746	0.001779
3747	0.001779
3748	0.001778
3749	0.001778
3750	0.001777
3751	0.001777
3752	0.001776
3753	0.001776
3754	0.001775
3755	0.001775
3756	0.001774
3757	0.001774
3758	0.001773
3759	0.001773
3760	0.001772
3761	0.001772
3762	0.001771
3763	0.001771
3764	0.001770
3765	0.001770
3766	0.001769
3767	0.001769
3768	0.001769
3769	0.001768
3770	0.001768
3771	0.001767
3772	0.001767
3773	0.001766
3774	0.001766
3775	0.001765
3776	0.001765
3777	0.001764
3778	0.001764
3779	0.001763
3780	0.001763
3781	0.001762
3782	0.001762
3783	0.001761
3784	0.001761
3785	0.001760
3786	0.001760
3787	0.001759
3788	0.001759
3789	0.001758
3790	0.001758
3791	0.001757
3792	0.001757
3793	0.001756
3794	0.001756
3795	0.001755
3796	0.001755
3797	0.001754
3798	0.001754
3799	0.001754
3800	0.001753
3801	0.001753
3802	0.001752
3803	0.001752
3804	0.001751
3805	0.001751
3806	0.001750
3807	0.001750
3808	0.001749
3809	0.001749
3810	0.001748
3811	0.001748
3812	0.001747
3813	0.001747
3814	0.001746
3815	0.001746
3816	0.001745
3817	0.001745
3818	0.001744
3819	0.001744
3820	0.001744
3821	0.001743
3822	0.001743
3823	0.001742
3824	0.001742
3825	0.001741
3826	0.001741
3827	0.001740
3828	0.001740
3829	0.001739
3830	0.001739
3831	0.001738
3832	0.001738
3833	0.001737
3834	0.001737
3835	0.001736
3836	0.001736
3837	0.001735
3838	0.001735
3839	0.001735
3840	0.001734
3841	0.001734
3842	0.001733
3843	0.001733
3844	0.001732
3845	0.001732
3846	0.001731
3847	0.001731
3848	0.001730
3849	0.001730
3850	0.001729
3851	0.001729
3852	0.001728
3853	0.001728
3854	0.001728
3855	0.001727
3856	0.001727
3857	0.001726
3858	0.001726
3859	0.001725
3860	0.001725
3861	0.001724
3862	0.001724
3863	0.001723
3864	0.001723
3865	0.001722
3866	0.001722
3867	0.001722
3868	0.001721
3869	0.001721
3870	0.001720
3871	0.001720
3872	0.001719
3873	0.001719
3874	0.001718
3875	0.001718
3876	0.001717
3877	0.001717
3878	0.001716
3879	0.001716
3880	0.001716
3881	0.001715
3882	0.001715
3883	0.001714
3884	0.001714
3885	0.001713
3886	0.001713
3887	0.001712
3888	0.001712
3889	0.001711
3890	0.001711
3891	0.001710
3892	0.001710
3893	0.001710
3894	0.001709
3895	0.001709
3896	0.001708
3897	0.001708
3898	0.001707
3899	0.001707
3900	0.001706
3901	0.001706
3902	0.001705
3903	0.001705
3904	0.001705
3905	0.001704
3906	0.001704
3907	0.001703
3908	0.001703
3909	0.001702
3910	0.001702
3911	0.001701
3912	0.001701
3913	0.001700
3914	0.001700
3915	0.001700
3916	0.001699
3917	0.001699
3918	0.001698
3919	0.001698
3920	0.001697
3921	0.001697
3922	0.001696
3923	0.001696
3924	0.001696
3925	0.001695
3926	0.001695
3927	0.001694
3928	0.001694
3929	0.001693
3930	0.001693
3931	0.001692
3932	0.001692
3933	0.001692
3934	0.001691
3935	0.001691
3936	0.001690
3937	0.001690
3938	0.001689
3939	0.001689
3940	0.001688
3941	0.001688
3942	0.001688
3943	0.001687
3944	0.001687
3945	0.001686
3946	0.001686
3947	0.001685
3948	0.001685
3949	0.001684
3950	0.001684
3951	0.001684
3952	0.001683
3953	0.001683
3954	0.001682
3955	0.001682
3956	0.001681
3957	0.001681
3958	0.001680
3959	0.001680
3960	0.001680
3961	0.001679
3962	0.001679
3963	0.001678
3964	0.001678
3965	0.001677
3966	0.001677
3967	0.001676
3968	0.001676
3969	0.001676
3970	0.001675
3971	0.001675
3972	0.001674
3973	0.001674
3974	0.001673
3975	0.001673
3976	0.001673
3977	0.001672
3978	0.001672
3979	0.001671
3980	0.001671
3981	0.001670
3982	0.001670
3983	0.001669
3984	0.001669
3985	0.001669
3986	0.001668
3987	0.001668
3988	0.001667
3989	0.001667
3990	0.001666
3991	0.001666
3992	0.001666
3993	0.001665
3994	0.001665
3995	0.001664
3996	0.001664
3997	0.001663
3998	0.001663
3999	0.001663
4000	0.001662
4001	0.001662
4002	0.001661
4003	0.001661
4004	0.001660
4005	0.001660
4006	0.001660
4007	0.001659
4008	0.001659
4009	0.001658
4010	0.001658
4011	0.001657
4012	0.001657
4013	0.001657
4014	0.001656
4015	0.001656
4016	0.001655
4017	0.001655
4018	0.001654
4019	0.001654
4020	0.001654
4021	0.001653
4022	0.001653
4023	0.001652
4024	0.001652
4025	0.001651
4026	0.001651
4027	0.001651
4028	0.001650
4029	0.001650
4030	0.001649
4031	0.001649
4032	0.001648
4033	0.001648
4034	0.001648
4035	0.001647
4036	0.001647
4037	0.001646
4038	0.001646
4039	0.001645
4040	0.001645
4041	0.001645
4042	0.001644
4043	0.001644
4044	0.001643
4045	0.001643
4046	0.001643
4047	0.001642
4048	0.001642
4049	0.001641
4050	0.001641
4051	0.001640
4052	0.001640
4053	0.001640
4054	0.001639
4055	0.001639
4056	0.001638
4057	0.001638
4058	0.001637
4059	0.001637
4060	0.001637
4061	0.001636
4062	0.001636
4063	0.001635
4064	0.001635
4065	0.001635
4066	0.001634
4067	0.001634
4068	0.001633
4069	0.001633
4070	0.001632
4071	0.001632
4072	0.001632
4073	0.001631
4074	0.001631
4075	0.001630
4076	0.001630
4077	0.001630
4078	0.001629
4079	0.001629
4080	0.001628
4081	0.001628
4082	0.001628
4083	0.001627
4084	0.001627
4085	0.001626
4086	0.001626
4087	0.001625
4088	0.001625
4089	0.001625
4090	0.001624
4091	0.001624
4092	0.001623
4093	0.001623
4094	0.001623
4095	0.001622
4096	0.001622
4097	0.001621
4098	0.001621
4099	0.001621
4100	0.001620
4101	0.001620
4102	0.001619
4103	0.001619
4104	0.001618
4105	0.001618
4106	0.001618
4107	0.001617
4108	0.001617
4109	0.001616
4110	0.001616
4111	0.001616
4112	0.001615
4113	0.001615
4114	0.001614
4115	0.001614
4116	0.001614
4117	0.001613
4118	0.001613
4119	0.001612
4120	0.001612
4121	0.001612
4122	0.001611
4123	0.001611
4124	0.001610
4125	0.001610
4126	0.001610
4127	0.001609
4128	0.001609
4129	0.001608
4130	0.001608
4131	0.001607
4132	0.001607
4133	0.001607
4134	0.001606
4135	0.001606
4136	0.001605
4137	0.001605
4138	0.001605
4139	0.001604
4140	0.001604
4141	0.001603
4142	0.001603
4143	0.001603
4144	0.001602
4145	0.001602
4146	0.001601
4147	0.001601
4148	0.001601
4149	0.001600
4150	0.001600
4151	0.001599
4152	0.001599
4153	0.001599
4154	0.001598
4155	0.001598
4156	0.001597
4157	0.001597
4158	0.001597
4159	0.001596
4160	0.001596
4161	0.001595
4162	0.001595
4163	0.001595
4164	0.001594
4165	0.001594
4166	0.001593
4167	0.001593
4168	0.001593
4169	0.001592
4170	0.001592
4171	0.001592
4172	0.001591
4173	0.001591
4174	0.001590
4175	0.001590
4176	0.001590
4177	0.001589
4178	0.001589
4179	0.001588
4180	0.001588
4181	0.001588
4182	0.001587
4183	0.001587
4184	0.001586
4185	0.001586
4186	0.001586
4187	0.001585
4188	0.001585
4189	0.001584
4190	0.001584
4191	0.001584
4192	0.001583
4193	0.001583
4194	0.001582
4195	0.001582
4196	0.001582
4197	0.001581
4198	0.001581
4199	0.001581
4200	0.001580
4201	0.001580
4202	0.001579
4203	0.001579
4204	0.001579
4205	0.001578
4206	0.001578
4207	0.001577
4208	0.001577
4209	0.001577
4210	0.001576
4211	0.001576
4212	0.001575
4213	0.001575
4214	0.001575
4215	0.001574
4216	0.001574
4217	0.001574
4218	0.001573
4219	0.001573
4220	0.001572
4221	0.001572
4222	0.001572
4223	0.001571
4224	0.001571
4225	0.001570
4226	0.001570
4227	0.001570
4228	0.001569
4229	0.001569
4230	0.001569
4231	0.001568
4232	0.001568
4233	0.001567
4234	0.001567
4235	0.001567
4236	0.001566
4237	0.001566
4238	0.001565
4239	0.001565
4240	0.001565
4241	0.001564
4242	0.001564
4243	0.001564
4244	0.001563
4245	0.001563
4246	0.001562
4247	0.001562
4248	0.001562
4249	0.001561
4250	0.001561
4251	0.001560
4252	0.001560
4253	0.001560
4254	0.001559
4255	0.001559
4256	0.001559
4257	0.001558
4258	0.001558
4259	0.001557
4260	0.001557
4261	0.001557
4262	0.001556
4263	0.001556
4264	0.001556
4265	0.001555
4266	0.001555
4267	0.001554
4268	0.001554
4269	0.001554
4270	0.001553
4271	0.001553
4272	0.001553
4273	0.001552
4274	0.001552
4275	0.001551
4276	0.001551
4277	0.001551
4278	0.001550
4279	0.001550
4280	0.001550
4281	0.001549
4282	0.001549
4283	0.001548
4284	0.001548
4285	0.001548
4286	0.001547
4287	0.001547
4288	0.001547
4289	0.001546
4290	0.001546
4291	0.001545
4292	0.001545
4293	0.001545
4294	0.001544
4295	0.001544
4296	0.001544
4297	0.001543
4298	0.001543
4299	0.001542
4300	0.001542
4301	0.001542
4302	0.001541
4303	0.001541
4304	0.001541
4305	0.001540
4306	0.001540
4307	0.001539
4308	0.001539
4309	0.001539
4310	0.001538
4311	0.001538
4312	0.001538
4313	0.001537
4314	0.001537
4315	0.001537
4316	0.001536
4317	0.001536
4318	0.001535
4319	0.001535
4320	0.001535
4321	0.001534
4322	0.001534
4323	0.001534
4324	0.001533
4325	0.001533
4326	0.001532
4327	0.001532
4328	0.001532
4329	0.001531
4330	0.001531
4331	0.001531
4332	0.001530
4333	0.001530
4334	0.001530
4335	0.001529
4336	0.001529
4337	0.001528
4338	0.001528
4339	0.001528
4340	0.001527
4341	0.001527
4342	0.001527
4343	0.001526
4344	0.001526
4345	0.001526
4346	0.001525
4347	0.001525
4348	0.001524
4349	0.001524
4350	0.001524
4351	0.001523
4352	0.001523
4353	0.001523
4354	0.001522
4355	0.001522
4356	0.001522
4357	0.001521
4358	0.001521
4359	0.001520
4360	0.001520
4361	0.001520
4362	0.001519
4363	0.001519
4364	0.001519
4365	0.001518
4366	0.001518
4367	0.001518
4368	0.001517
4369	0.001517
4370	0.001516
4371	0.001516
4372	0.001516
4373	0.001515
4374	0.001515
4375	0.001515
4376	0.001514
4377	0.001514
4378	0.001514
4379	0.001513
4380	0.001513
4381	0.001513
4382	0.001512
4383	0.001512
4384	0.001511
4385	0.001511
4386	0.001511
4387	0.001510
4388	0.001510
4389	0.001510
4390	0.001509
4391	0.001509
4392	0.001509
4393	0.001508
4394	0.001508
4395	0.001508
4396	0.001507
4397	0.001507
4398	0.001506
4399	0.001506
4400	0.001506
4401	0.001505
4402	0.001505
4403	0.001505
4404	0.001504
4405	0.001504
4406	0.001504
4407	0.001503
4408	0.001503
4409	0.001503
4410	0.001502
4411	0.001502
4412	0.001502
4413	0.001501
4414	0.001501
4415	0.001500
4416	0.001500
4417	0.001500
4418	0.001499
4419	0.001499
4420	0.001499
4421	0.001498
4422	0.001498
4423	0.001498
4424	0.001497
4425	0.001497
4426	0.001497
4427	0.001496
4428	0.001496
4429	0.001496
4430	0.001495
4431	0.001495
4432	0.001495
4433	0.001494
4434	0.001494
4435	0.001493
4436	0.001493
4437	0.001493
4438	0.001492
4439	0.001492
4440	0.001492
4441	0.001491
4442	0.001491
4443	0.001491
4444	0.001490
4445	0.001490
4446	0.001490
4447	0.001489
4448	0.001489
4449	0.001489
4450	0.001488
4451	0.001488
4452	0.001488
4453	0.001487
4454	0.001487
4455	0.001487
4456	0.001486
4457	0.001486
4458	0.001486
4459	0.001485
4460	0.001485
4461	0.001484
4462	0.001484
4463	0.001484
4464	0.001483
4465	0.001483
4466	0.001483
4467	0.001482
4468	0.001482
4469	0.001482
4470	0.001481
4471	0.001481
4472	0.001481
4473	0.001480
4474	0.001480
4475	0.001480
4476	0.001479
4477	0.001479
4478	0.001479
4479	0.001478
4480	0.001478
4481	0.001478
4482	0.001477
4483	0.001477
4484	0.001477
4485	0.001476
4486	0.001476
4487	0.001476
4488	0.001475
4489	0.001475
4490	0.001475
4491	0.001474
4492	0.001474
4493	0.001474
4494	0.001473
4495	0.001473
4496	0.001473
4497	0.001472
4498	0.001472
4499	0.001472
4500	0.001471
4501	0.001471
4502	0.001470
4503	0.001470
4504	0.001470
4505	0.001469
4506	0.001469
4507	0.001469
4508	0.001468
4509	0.001468
4510	0.001468
4511	0.001467
4512	0.001467
4513	0.001467
4514	0.001466
4515	0.001466
4516	0.001466
4517	0.001465
4518	0.001465
4519	0.001465
4520	0.001464
4521	0.001464
4522	0.001464
4523	0.001463
4524	0.001463
4525	0.001463
4526	0.001462
4527	0.001462
4528	0.001462
4529	0.001461
4530	0.001461
4531	0.001461
4532	0.001460
4533	0.001460
4534	0.001460
4535	0.001459
4536	0.001459
4537	0.001459
4538	0.001458
4539	0.001458
4540	0.001458
4541	0.001457
4542	0.001457
4543	0.001457
4544	0.001456
4545	0.001456
4546	0.001456
4547	0.001455
4548	0.001455
4549	0.001455
4550	0.001454
4551	0.001454
4552	0.001454
4553	0.001453
4554	0.001453
4555	0.001453
4556	0.001452
4557	0.001452
4558	0.001452
4559	0.001451
4560	0.001451
4561	0.001451
4562	0.001450
4563	0.001450
4564	0.001450
4565	0.001450
4566	0.001449
4567	0.001449
4568	0.001449
4569	0.001448
4570	0.001448
4571	0.001448
4572	0.001447
4573	0.001447
4574	0.001447
4575	0.001446
4576	0.001446
4577	0.001446
4578	0.001445
4579	0.001445
4580	0.001445
4581	0.001444
4582	0.001444
4583	0.001444
4584	0.001443
4585	0.001443
4586	0.001443
4587	0.001442
4588	0.001442
4589	0.001442
4590	0.001441
4591	0.001441
4592	0.001441
4593	0.001440
4594	0.001440
4595	0.001440
4596	0.001439
4597	0.001439
4598	0.001439
4599	0.001438
4600	0.001438
4601	0.001438
4602	0.001437
4603	0.001437
4604	0.001437
4605	0.001436
4606	0.001436
4607	0.001436
4608	0.001436
4609	0.001435
4610	0.001435
4611	0.001435
4612	0.001434
4613	0.001434
4614	0.001434
4615	0.001433
4616	0.001433
4617	0.001433
4618	0.001432
4619	0.001432
4620	0.001432
4621	0.001431
4622	0.001431
4623	0.001431
4624	0.001430
4625	0.001430
4626	0.001430
4627	0.001429
4628	0.001429
4629	0.001429
4630	0.001428
4631	0.001428
4632	0.001428
4633	0.001428
4634	0.001427
4635	0.001427
4636	0.001427
4637	0.001426
4638	0.001426
4639	0.001426
4640	0.001425
4641	0.001425
4642	0.001425
4643	0.001424
4644	0.001424
4645	0.001424
4646	0.001423
4647	0.001423
4648	0.001423
4649	0.001422
4650	0.001422
4651	0.001422
4652	0.001421
4653	0.001421
4654	0.001421
4655	0.001421
4656	0.001420
4657	0.001420
4658	0.001420
4659	0.001419
4660	0.001419
4661	0.001419
4662	0.001418
4663	0.001418
4664	0.001418
4665	0.001417
4666	0.001417
4667	0.001417
4668	0.001416
4669	0.001416
4670	0.001416
4671	0.001415
4672	0.001415
4673	0.001415
4674	0.001415
4675	0.001414
4676	0.001414
4677	0.001414
4678	0.001413
4679	0.001413
4680	0.001413
4681	0.001412
4682	0.001412
4683	0.001412
4684	0.001411
4685	0.001411
4686	0.001411
4687	0.001411
4688	0.001410
4689	0.001410
4690	0.001410
4691	0.001409
4692	0.001409
4693	0.001409
4694	0.001408
4695	0.001408
4696	0.001408
4697	0.001407
4698	0.001407
4699	0.001407
4700	0.001406
4701	0.001406
4702	0.001406
4703	0.001406
4704	0.001405
4705	0.001405
4706	0.001405
4707	0.001404
4708	0.001404
4709	0.001404
4710	0.001403
4711	0.001403
4712	0.001403
4713	0.001402
4714	0.001402
4715	0.001402
4716	0.001402
4717	0.001401
4718	0.001401
4719	0.001401
4720	0.001400
4721	0.001400
4722	0.001400
4723	0.001399
4724	0.001399
4725	0.001399
4726	0.001398
4727	0.001398
4728	0.001398
4729	0.001398
4730	0.001397
4731	0.001397
4732	0.001397
4733	0.001396
4734	0.001396
4735	0.001396
4736	0.001395
4737	0.001395
4738	0.001395
4739	0.001395
4740	0.001394
4741	0.001394
4742	0.001394
4743	0.001393
4744	0.001393
4745	0.001393
4746	0.001392
4747	0.001392
4748	0.001392
4749	0.001391
4750	0.001391
4751	0.001391
4752	0.001391
4753	0.001390
4754	0.001390
4755	0.001390
4756	0.001389
4757	0.001389
4758	0.001389
4759	0.001388
4760	0.001388
4761	0.001388
4762	0.001388
4763	0.001387
4764	0.001387
4765	0.001387
4766	0.001386
4767	0.001386
4768	0.001386
4769	0.001385
4770	0.001385
4771	0.001385
4772	0.001385
4773	0.001384
4774	0.001384
4775	0.001384
4776	0.001383
4777	0.001383
4778	0.001383
4779	0.001382
4780	0.001382
4781	0.001382
4782	0.001382
4783	0.001381
4784	0.001381
4785	0.001381
4786	0.001380
4787	0.001380
4788	0.001380
4789	0.001379
4790	0.001379
4791	0.001379
4792	0.001379
4793	0.001378
4794	0.001378
4795	0.001378
4796	0.001377
4797	0.001377
4798	0.001377
4799	0.001376
4800	0.001376
4801	0.001376
4802	0.001376
4803	0.001375
4804	0.001375
4805	0.001375
4806	0.001374
4807	0.001374
4808	0.001374
4809	0.001374
4810	0.001373
4811	0.001373
4812	0.001373
4813	0.001372
4814	0.001372
4815	0.001372
4816	0.001371
4817	0.001371
4818	0.001371
4819	0.001371
4820	0.001370
4821	0.001370
4822	0.001370
4823	0.001369
4824	0.001369
4825	0.001369
4826	0.001369
4827	0.001368
4828	0.001368
4829	0.001368
4830	0.001367
4831	0.001367
4832	0.001367
4833	0.001366
4834	0.001366
4835	0.001366
4836	0.001366
4837	0.001365
4838	0.001365
4839	0.001365
4840	0.001364
4841	0.001364
4842	0.001364
4843	0.001364
4844	0.001363
4845	0.001363
4846	0.001363
4847	0.001362
4848	0.001362
4849	0.001362
4850	0.001362
4851	0.001361
4852	0.001361
4853	0.001361
4854	0.001360
4855	0.001360
4856	0.001360
4857	0.001360
4858	0.001359
4859	0.001359
4860	0.001359
4861	0.001358
4862	0.001358
4863	0.001358
4864	0.001357
4865	0.001357
4866	0.001357
4867	0.001357
4868	0.001356
4869	0.001356
4870	0.001356
4871	0.001355
4872	0.001355
4873	0.001355
4874	0.001355
4875	0.001354
4876	0.001354
4877	0.001354
4878	0.001353
4879	0.001353
4880	0.001353
4881	0.001353
4882	0.001352
4883	0.001352
4884	0.001352
4885	0.001351
4886	0.001351
4887	0.001351
4888	0.001351
4889	0.001350
4890	0.001350
4891	0.001350
4892	0.001349
4893	0.001349
4894	0.001349
4895	0.001349
4896	0.001348
4897	0.001348
4898	0.001348
4899	0.001347
4900	0.001347
4901	0.001347
4902	0.001347
4903	0.001346
4904	0.001346
4905	0.001346
4906	0.001345
4907	0.001345
4908	0.001345
4909	0.001345
4910	0.001344
4911	0.001344
4912	0.001344
4913	0.001344
4914	0.001343
4915	0.001343
4916	0.001343
4917	0.001342
4918	0.001342
4919	0.001342
4920	0.001342
4921	0.001341
4922	0.001341
4923	0.001341
4924	0.001340
4925	0.001340
4926	0.001340
4927	0.001340
4928	0.001339
4929	0.001339
4930	0.001339
4931	0.001338
4932	0.001338
4933	0.001338
4934	0.001338
4935	0.001337
4936	0.001337
4937	0.001337
4938	0.001336
4939	0.001336
4940	0.001336
4941	0.001336
4942	0.001335
4943	0.001335
4944	0.001335
4945	0.001335
4946	0.001334
4947	0.001334
4948	0.001334
4949	0.001333
4950	0.001333
4951	0.001333
4952	0.001333
4953	0.001332
4954	0.001332
4955	0.001332
4956	0.001331
4957	0.001331
4958	0.001331
4959	0.001331
4960	0.001330
4961	0.001330
4962	0.001330
4963	0.001330
4964	0.001329
4965	0.001329
4966	0.001329
4967	0.001328
4968	0.001328
4969	0.001328
4970	0.001328
4971	0.001327
4972	0.001327
4973	0.001327
4974	0.001327
4975	0.001326
4976	0.001326
4977	0.001326
4978	0.001325
4979	0.001325
4980	0.001325
4981	0.001325
4982	0.001324
4983	0.001324
4984	0.001324
4985	0.001323
4986	0.001323
4987	0.001323
4988	0.001323
4989	0.001322
4990	0.001322
4991	0.001322
4992	0.001322
4993	0.001321
4994	0.001321
4995	0.001321
4996	0.001320
4997	0.001320
4998	0.001320
4999	0.001320
5000	0.001319
5001	0.001319
5002	0.001319
5003	0.001319
5004	0.001318
5005	0.001318
5006	0.001318
5007	0.001317
5008	0.001317
5009	0.001317
5010	0.001317
5011	0.001316
5012	0.001316
5013	0.001316
5014	0.001316
5015	0.001315
5016	0.001315
5017	0.001315
5018	0.001314
5019	0.001314
5020	0.001314
5021	0.001314
5022	0.001313
5023	0.001313
5024	0.001313
5025	0.001313
5026	0.001312
5027	0.001312
5028	0.001312
5029	0.001312
5030	0.001311
5031	0.001311
5032	0.001311
5033	0.001310
5034	0.001310
5035	0.001310
5036	0.001310
5037	0.001309
5038	0.001309
5039	0.001309
5040	0.001309
5041	0.001308
5042	0.001308
5043	0.001308
5044	0.001308
5045	0.001307
5046	0.001307
5047	0.001307
5048	0.001306
5049	0.001306
5050	0.001306
5051	0.001306
5052	0.001305
5053	0.001305
5054	0.001305
5055	0.001305
5056	0.001304
5057	0.001304
5058	0.001304
5059	0.001304
5060	0.001303
5061	0.001303
5062	0.001303
5063	0.001302
5064	0.001302
5065	0.001302
5066	0.001302
5067	0.001301
5068	0.001301
5069	0.001301
5070	0.001301
5071	0.001300
5072	0.001300
5073	0.001300
5074	0.001300
5075	0.001299
5076	0.001299
5077	0.001299
5078	0.001298
5079	0.001298
5080	0.001298
5081	0.001298
5082	0.001297
5083	0.001297
5084	0.001297
5085	0.001297
5086	0.001296
5087	0.001296
5088	0.001296
5089	0.001296
5090	0.001295
5091	0.001295
5092	0.001295
5093	0.001295
5094	0.001294
5095	0.001294
5096	0.001294
5097	0.001293
5098	0.001293
5099	0.001293
5100	0.001293
5101	0.001292
5102	0.001292
5103	0.001292
5104	0.001292
5105	0.001291
5106	0.001291
5107	0.001291
5108	0.001291
5109	0.001290
5110	0.001290
5111	0.001290
5112	0.001290
5113	0.001289
5114	0.001289
5115	0.001289
5116	0.001289
5117	0.001288
5118	0.001288
5119	0.001288
5120	0.001287
5121	0.001287
5122	0.001287
5123	0.001287
5124	0.001286
5125	0.001286
5126	0.001286
5127	0.001286
5128	0.001285
5129	0.001285
5130	0.001285
5131	0.001285
5132	0.001284
5133	0.001284
5134	0.001284
5135	0.001284
5136	0.001283
5137	0.001283
5138	0.001283
5139	0.001283
5140	0.001282
5141	0.001282
5142	0.001282
5143	0.001282
5144	0.001281
5145	0.001281
5146	0.001281
5147	0.001281
5148	0.001280
5149	0.001280
5150	0.001280
5151	0.001279
5152	0.001279
5153	0.001279
5154	0.001279
5155	0.001278
5156	0.001278
5157	0.001278
5158	0.001278
5159	0.001277
5160	0.001277
5161	0.001277
5162	0.001277
5163	0.001276
5164	0.001276
5165	0.001276
5166	0.001276
5167	0.001275
5168	0.001275
5169	0.001275
5170	0.001275
5171	0.001274
5172	0.001274
5173	0.001274
5174	0.001274
5175	0.001273
5176	0.001273
5177	0.001273
5178	0.001273
5179	0.001272
5180	0.001272
5181	0.001272
5182	0.001272
5183	0.001271
5184	0.001271
5185	0.001271
5186	0.001271
5187	0.001270
5188	0.001270
5189	0.001270
5190	0.001270
5191	0.001269
5192	0.001269
5193	0.001269
5194	0.001269
5195	0.001268
5196	0.001268
5197	0.001268
5198	0.001268
5199	0.001267
5200	0.001267
5201	0.001267
5202	0.001267
5203	0.001266
5204	0.001266
5205	0.001266
5206	0.001266
5207	0.001265
5208	0.001265
5209	0.001265
5210	0.001265
5211	0.001264
5212	0.001264
5213	0.001264
5214	0.001264
5215	0.001263
5216	0.001263
5217	0.001263
5218	0.001263
5219	0.001262
5220	0.001262
5221	0.001262
5222	0.001262
5223	0.001261
5224	0.001261
5225	0.001261
5226	0.001261
5227	0.001260
5228	0.001260
5229	0.001260
5230	0.001260
5231	0.001259
5232	0.001259
5233	0.001259
5234	0.001259
5235	0.001258
5236	0.001258
5237	0.001258
5238	0.001258
5239	0.001257
5240	0.001257
5241	0.001257
5242	0.001257
5243	0.001256
5244	0.001256
5245	0.001256
5246	0.001256
5247	0.001255
5248	0.001255
5249	0.001255
5250	0.001255
5251	0.001254
5252	0.001254
5253	0.001254
5254	0.001254
5255	0.001253
5256	0.001253
5257	0.001253
5258	0.001253
5259	0.001252
5260	0.001252
5261	0.001252
5262	0.001252
5263	0.001251
5264	0.001251
5265	0.001251
5266	0.001251
5267	0.001250
5268	0.001250
5269	0.001250
5270	0.001250
5271	0.001249
5272	0.001249
5273	0.001249
5274	0.001249
5275	0.001248
5276	0.001248
5277	0.001248
5278	0.001248
5279	0.001247
5280	0.001247
5281	0.001247
5282	0.001247
5283	0.001247
5284	0.001246
5285	0.001246
5286	0.001246
5287	0.001246
5288	0.001245
5289	0.001245
5290	0.001245
5291	0.001245
5292	0.001244
5293	0.001244
5294	0.001244
5295	0.001244
5296	0.001243
5297	0.001243
5298	0.001243
5299	0.001243
5300	0.001242
5301	0.001242
5302	0.001242
5303	0.001242
5304	0.001241
5305	0.001241
5306	0.001241
5307	0.001241
5308	0.001240
5309	0.001240
5310	0.001240
5311	0.001240
5312	0.001240
5313	0.001239
5314	0.001239
5315	0.001239
5316	0.001239
5317	0.001238
5318	0.001238
5319	0.001238
5320	0.001238
5321	0.001237
5322	0.001237
5323	0.001237
5324	0.001237
5325	0.001236
5326	0.001236
5327	0.001236
5328	0.001236
5329	0.001235
5330	0.001235
5331	0.001235
5332	0.001235
5333	0.001234
5334	0.001234
5335	0.001234
5336	0.001234
5337	0.001234
5338	0.001233
5339	0.001233
5340	0.001233
5341	0.001233
5342	0.001232
5343	0.001232
5344	0.001232
5345	0.001232
5346	0.001231
5347	0.001231
5348	0.001231
5349	0.001231
5350	0.001230
5351	0.001230
5352	0.001230
5353	0.001230
5354	0.001229
5355	0.001229
5356	0.001229
5357	0.001229
5358	0.001229
5359	0.001228
5360	0.001228
5361	0.001228
5362	0.001228
5363	0.001227
5364	0.001227
5365	0.001227
5366	0.001227
5367	0.001226
5368	0.001226
5369	0.001226
5370	0.001226
5371	0.001225
5372	0.001225
5373	0.001225
5374	0.001225
5375	0.001225
5376	0.001224
5377	0.001224
5378	0.001224
5379	0.001224
5380	0.001223
5381	0.001223
5382	0.001223
5383	0.001223
5384	0.001222
5385	0.001222
5386	0.001222
5387	0.001222
5388	0.001221
5389	0.001221
5390	0.001221
5391	0.001221
5392	0.001221
5393	0.001220
5394	0.001220
5395	0.001220
5396	0.001220
5397	0.001219
5398	0.001219
5399	0.001219
5400	0.001219
5401	0.001218
5402	0.001218
5403	0.001218
5404	0.001218
5405	0.001218
5406	0.001217
5407	0.001217
5408	0.001217
5409	0.001217
5410	0.001216
5411	0.001216
5412	0.001216
5413	0.001216
5414	0.001215
5415	0.001215
5416	0.001215
5417	0.001215
5418	0.001215
5419	0.001214
5420	0.001214
5421	0.001214
5422	0.001214
5423	0.001213
5424	0.001213
5425	0.001213
5426	0.001213
5427	0.001212
5428	0.001212
5429	0.001212
5430	0.001212
5431	0.001212
5432	0.001211
5433	0.001211
5434	0.001211
5435	0.001211
5436	0.001210
5437	0.001210
5438	0.001210
5439	0.001210
5440	0.001209
5441	0.001209
5442	0.001209
5443	0.001209
5444	0.001209
5445	0.001208
5446	0.001208
5447	0.001208
5448	0.001208
5449	0.001207
5450	0.001207
5451	0.001207
5452	0.001207
5453	0.001206
5454	0.001206
5455	0.001206
5456	0.001206
5457	0.001206
5458	0.001205
5459	0.001205
5460	0.001205
5461	0.001205
5462	0.001204
5463	0.001204
5464	0.001204
5465	0.001204
5466	0.001204
5467	0.001203
5468	0.001203
5469	0.001203
5470	0.001203
5471	0.001202
5472	0.001202
5473	0.001202
5474	0.001202
5475	0.001201
5476	0.001201
5477	0.001201
5478	0.001201
5479	0.001201
5480	0.001200
5481	0.001200
5482	0.001200
5483	0.001200
5484	0.001199
5485	0.001199
5486	0.001199
5487	0.001199
5488	0.001199
5489	0.001198
5490	0.001198
5491	0.001198
5492	0.001198
5493	0.001197
5494	0.001197
5495	0.001197
5496	0.001197
5497	0.001197
5498	0.001196
5499	0.001196
5500	0.001196
5501	0.001196
5502	0.001195
5503	0.001195
5504	0.001195
5505	0.001195
5506	0.001195
5507	0.001194
5508	0.001194
5509	0.001194
5510	0.001194
5511	0.001193
5512	0.001193
5513	0.001193
5514	0.001193
5515	0.001193
5516	0.001192
5517	0.001192
5518	0.001192
5519	0.001192
5520	0.001191
5521	0.001191
5522	0.001191
5523	0.001191
5524	0.001191
5525	0.001190
5526	0.001190
5527	0.001190
5528	0.001190
5529	0.001189
5530	0.001189
5531	0.001189
5532	0.001189
5533	0.001189
5534	0.001188
5535	0.001188
5536	0.001188
5537	0.001188
5538	0.001187
5539	0.001187
5540	0.001187
5541	0.001187
5542	0.001187
5543	0.001186
5544	0.001186
5545	0.001186
5546	0.001186
5547	0.001185
5548	0.001185
5549	0.001185
5550	0.001185
5551	0.001185
5552	0.001184
5553	0.001184
5554	0.001184
5555	0.001184
5556	0.001183
5557	0.001183
5558	0.001183
5559	0.001183
5560	0.001183
5561	0.001182
5562	0.001182
5563	0.001182
5564	0.001182
5565	0.001181
5566	0.001181
5567	0.001181
5568	0.001181
5569	0.001181
5570	0.001180
5571	0.001180
5572	0.001180
5573	0.001180
5574	0.001180
5575	0.001179
5576	0.001179
5577	0.001179
5578	0.001179
5579	0.001178
5580	0.001178
5581	0.001178
5582	0.001178
5583	0.001178
5584	0.001177
5585	0.001177
5586	0.001177
5587	0.001177
5588	0.001176
5589	0.001176
5590	0.001176
5591	0.001176
5592	0.001176
5593	0.001175
5594	0.001175
5595	0.001175
5596	0.001175
5597	0.001175
5598	0.001174
5599	0.001174
5600	0.001174
5601	0.001174
5602	0.001173
5603	0.001173
5604	0.001173
5605	0.001173
5606	0.001173
5607	0.001172
5608	0.001172
5609	0.001172
5610	0.001172
5611	0.001171
5612	0.001171
5613	0.001171
5614	0.001171
5615	0.001171
5616	0.001170
5617	0.001170
5618	0.001170
5619	0.001170
5620	0.001170
5621	0.001169
5622	0.001169
5623	0.001169
5624	0.001169
5625	0.001168
5626	0.001168
5627	0.001168
5628	0.001168
5629	0.001168
5630	0.001167
5631	0.001167
5632	0.001167
5633	0.001167
5634	0.001167
5635	0.001166
5636	0.001166
5637	0.001166
5638	0.001166
5639	0.001166
5640	0.001165
5641	0.001165
5642	0.001165
5643	0.001165
5644	0.001164
5645	0.001164
5646	0.001164
5647	0.001164
5648	0.001164
5649	0.001163
5650	0.001163
5651	0.001163
5652	0.001163
5653	0.001163
5654	0.001162
5655	0.001162
5656	0.001162
5657	0.001162
5658	0.001161
5659	0.001161
5660	0.001161
5661	0.001161
5662	0.001161
5663	0.001160
5664	0.001160
5665	0.001160
5666	0.001160
5667	0.001160
5668	0.001159
5669	0.001159
5670	0.001159
5671	0.001159
5672	0.001159
5673	0.001158
5674	0.001158
5675	0.001158
5676	0.001158
5677	0.001157
5678	0.001157
5679	0.001157
5680	0.001157
5681	0.001157
5682	0.001156
5683	0.001156
5684	0.001156
5685	0.001156
5686	0.001156
5687	0.001155
5688	0.001155
5689	0.001155
5690	0.001155
5691	0.001155
5692	0.001154
5693	0.001154
5694	0.001154
5695	0.001154
5696	0.001153
5697	0.001153
5698	0.001153
5699	0.001153
5700	0.001153
5701	0.001152
5702	0.001152
5703	0.001152
5704	0.001152
5705	0.001152
5706	0.001151
5707	0.001151
5708	0.001151
5709	0.001151
5710	0.001151
5711	0.001150
5712	0.001150
5713	0.001150
5714	0.001150
5715	0.001150
5716	0.001149
5717	0.001149
5718	0.001149
5719	0.001149
5720	0.001149
5721	0.001148
5722	0.001148
5723	0.001148
5724	0.001148
5725	0.001147
5726	0.001147
5727	0.001147
5728	0.001147
5729	0.001147
5730	0.001146
5731	0.001146
5732	0.001146
5733	0.001146
5734	0.001146
5735	0.001145
5736	0.001145
5737	0.001145
5738	0.001145
5739	0.001145
5740	0.001144
5741	0.001144
5742	0.001144
5743	0.001144
5744	0.001144
5745	0.001143
5746	0.001143
5747	0.001143
5748	0.001143
5749	0.001143
5750	0.001142
5751	0.001142
5752	0.001142
5753	0.001142
5754	0.001142
5755	0.001141
5756	0.001141
5757	0.001141
5758	0.001141
5759	0.001141
5760	0.001140
5761	0.001140
5762	0.001140
5763	0.001140
5764	0.001139
5765	0.001139
5766	0.001139
5767	0.001139
5768	0.001139
5769	0.001138
5770	0.001138
5771	0.001138
5772	0.001138
5773	0.001138
5774	0.001137
5775	0.001137
5776	0.001137
5777	0.001137
5778	0.001137
5779	0.001136
5780	0.001136
5781	0.001136
5782	0.001136
5783	0.001136
5784	0.001135
5785	0.001135
5786	0.001135
5787	0.001135
5788	0.001135
5789	0.001134
5790	0.001134
5791	0.001134
5792	0.001134
5793	0.001134
5794	0.001133
5795	0.001133
5796	0.001133
5797	0.001133
5798	0.001133
5799	0.001132
5800	0.001132
5801	0.001132
5802	0.001132
5803	0.001132
5804	0.001131
5805	0.001131
5806	0.001131
5807	0.001131
5808	0.001131
5809	0.001130
5810	0.001130
5811	0.001130
5812	0.001130
5813	0.001130
5814	0.001129
5815	0.001129
5816	0.001129
5817	0.001129
5818	0.001129
5819	0.001128
5820	0.001128
5821	0.001128
5822	0.001128
5823	0.001128
5824	0.001127
5825	0.001127
5826	0.001127
5827	0.001127
5828	0.001127
5829	0.001126
5830	0.001126
5831	0.001126
5832	0.001126
5833	0.001126
5834	0.001125
5835	0.001125
5836	0.001125
5837	0.001125
5838	0.001125
5839	0.001124
5840	0.001124
5841	0.001124
5842	0.001124
5843	0.001124
5844	0.001123
5845	0.001123
5846	0.001123
5847	0.001123
5848	0.001123
5849	0.001122
5850	0.001122
5851	0.001122
5852	0.001122
5853	0.001122
5854	0.001121
5855	0.001121
5856	0.001121
5857	0.001121
5858	0.001121
5859	0.001120
5860	0.001120
5861	0.001120
5862	0.001120
5863	0.001120
5864	0.001119
5865	0.001119
5866	0.001119
5867	0.001119
5868	0.001119
5869	0.001119
5870	0.001118
5871	0.001118
5872	0.001118
5873	0.001118
5874	0.001118
5875	0.001117
5876	0.001117
5877	0.001117
5878	0.001117
5879	0.001117
5880	0.001116
5881	0.001116
5882	0.001116
5883	0.001116
5884	0.001116
5885	0.001115
5886	0.001115
5887	0.001115
5888	0.001115
5889	0.001115
5890	0.001114
5891	0.001114
5892	0.001114
5893	0.001114
5894	0.001114
5895	0.001113
5896	0.001113
5897	0.001113
5898	0.001113
5899	0.001113
5900	0.001112
5901	0.001112
5902	0.001112
5903	0.001112
5904	0.001112
5905	0.001111
5906	0.001111
5907	0.001111
5908	0.001111
5909	0.001111
5910	0.001111
5911	0.001110
5912	0.001110
5913	0.001110
5914	0.001110
5915	0.001110
5916	0.001109
5917	0.001109
5918	0.001109
5919	0.001109
5920	0.001109
5921	0.001108
5922	0.001108
5923	0.001108
5924	0.001108
5925	0.001108
5926	0.001107
5927	0.001107
5928	0.001107
5929	0.001107
5930	0.001107
5931	0.001106
5932	0.001106
5933	0.001106
5934	0.001106
5935	0.001106
5936	0.001106
5937	0.001105
5938	0.001105
5939	0.001105
5940	0.001105
5941	0.001105
5942	0.001104
5943	0.001104
5944	0.001104
5945	0.001104
5946	0.001104
5947	0.001103
5948	0.001103
5949	0.001103
5950	0.001103
5951	0.001103
5952	0.001102
5953	0.001102
5954	0.001102
5955	0.001102
5956	0.001102
5957	0.001102
5958	0.001101
5959	0.001101
5960	0.001101
5961	0.001101
5962	0.001101
5963	0.001100
5964	0.001100
5965	0.001100
5966	0.001100
5967	0.001100
5968	0.001099
5969	0.001099
5970	0.001099
5971	0.001099
5972	0.001099
5973	0.001098
5974	0.001098
5975	0.001098
5976	0.001098
5977	0.001098
5978	0.001098
5979	0.001097
5980	0.001097
5981	0.001097
5982	0.001097
5983	0.001097
5984	0.001096
5985	0.001096
5986	0.001096
5987	0.001096
5988	0.001096
5989	0.001095
5990	0.001095
5991	0.001095
5992	0.001095
5993	0.001095
5994	0.001095
5995	0.001094
5996	0.001094
5997	0.001094
5998	0.001094
5999	0.001094
6000	0.001093
6001	0.001093
6002	0.001093
6003	0.001093
6004	0.001093
6005	0.001092
6006	0.001092
6007	0.001092
6008	0.001092
6009	0.001092
6010	0.001092
6011	0.001091
6012	0.001091
6013	0.001091
6014	0.001091
6015	0.001091
6016	0.001090
6017	0.001090
6018	0.001090
6019	0.001090
6020	0.001090
6021	0.001089
6022	0.001089
6023	0.001089
6024	0.001089
6025	0.001089
6026	0.001089
6027	0.001088
6028	0.001088
6029	0.001088
6030	0.001088
6031	0.001088
6032	0.001087
6033	0.001087
6034	0.001087
6035	0.001087
6036	0.001087
6037	0.001087
6038	0.001086
6039	0.001086
6040	0.001086
6041	0.001086
6042	0.001086
6043	0.001085
6044	0.001085
6045	0.001085
6046	0.001085
6047	0.001085
6048	0.001084
6049	0.001084
6050	0.001084
6051	0.001084
6052	0.001084
6053	0.001084
6054	0.001083
6055	0.001083
6056	0.001083
6057	0.001083
6058	0.001083
6059	0.001082
6060	0.001082
6061	0.001082
6062	0.001082
6063	0.001082
6064	0.001082
6065	0.001081
6066	0.001081
6067	0.001081
6068	0.001081
6069	0.001081
6070	0.001080
6071	0.001080
6072	0.001080
6073	0.001080
6074	0.001080
6075	0.001080
6076	0.001079
6077	0.001079
6078	0.001079
6079	0.001079
6080	0.001079
6081	0.001078
6082	0.001078
6083	0.001078
6084	0.001078
6085	0.001078
6086	0.001078
6087	0.001077
6088	0.001077
6089	0.001077
6090	0.001077
6091	0.001077
6092	0.001076
6093	0.001076
6094	0.001076
6095	0.001076
6096	0.001076
6097	0.001076
6098	0.001075
6099	0.001075
6100	0.001075
6101	0.001075
6102	0.001075
6103	0.001074
6104	0.001074
6105	0.001074
6106	0.001074
6107	0.001074
6108	0.001074
6109	0.001073
6110	0.001073
6111	0.001073
6112	0.001073
6113	0.001073
6114	0.001072
6115	0.001072
6116	0.001072
6117	0.001072
6118	0.001072
6119	0.001072
6120	0.001071
6121	0.001071
6122	0.001071
6123	0.001071
6124	0.001071
6125	0.001070
6126	0.001070
6127	0.001070
6128	0.001070
6129	0.001070
6130	0.001070
6131	0.001069
6132	0.001069
6133	0.001069
6134	0.001069
6135	0.001069
6136	0.001068
6137	0.001068
6138	0.001068
6139	0.001068
6140	0.001068
6141	0.001068
6142	0.001067
6143	0.001067
6144	0.001067
6145	0.001067
6146	0.001067
6147	0.001067
6148	0.001066
6149	0.001066
6150	0.001066
6151	0.001066
6152	0.001066
6153	0.001065
6154	0.001065
6155	0.001065
6156	0.001065
6157	0.001065
6158	0.001065
6159	0.001064
6160	0.001064
6161	0.001064
6162	0.001064
6163	0.001064
6164	0.001063
6165	0.001063
6166	0.001063
6167	0.001063
6168	0.001063
6169	0.001063
6170	0.001062
6171	0.001062
6172	0.001062
6173	0.001062
6174	0.001062
6175	0.001062
6176	0.001061
6177	0.001061
6178	0.001061
6179	0.001061
6180	0.001061
6181	0.001060
6182	0.001060
6183	0.001060
6184	0.001060
6185	0.001060
6186	0.001060
6187	0.001059
6188	0.001059
6189	0.001059
6190	0.001059
6191	0.001059
6192	0.001059
6193	0.001058
6194	0.001058
6195	0.001058
6196	0.001058
6197	0.001058
6198	0.001057
6199	0.001057
6200	0.001057
6201	0.001057
6202	0.001057
6203	0.001057
6204	0.001056
6205	0.001056
6206	0.001056
6207	0.001056
6208	0.001056
6209	0.001056
6210	0.001055
6211	0.001055
6212	0.001055
6213	0.001055
6214	0.001055
6215	0.001055
6216	0.001054
6217	0.001054
6218	0.001054
6219	0.001054
6220	0.001054
6221	0.001053
6222	0.001053
6223	0.001053
6224	0.001053
6225	0.001053
6226	0.001053
6227	0.001052
6228	0.001052
6229	0.001052
6230	0.001052
6231	0.001052
6232	0.001052
6233	0.001051
6234	0.001051
6235	0.001051
6236	0.001051
6237	0.001051
6238	0.001051
6239	0.001050
6240	0.001050
6241	0.001050
6242	0.001050
6243	0.001050
6244	0.001049
6245	0.001049
6246	0.001049
6247	0.001049
6248	0.001049
6249	0.001049
6250	0.001048
6251	0.001048
6252	0.001048
6253	0.001048
6254	0.001048
6255	0.001048
6256	0.001047
6257	0.001047
6258	0.001047
6259	0.001047
6260	0.001047
6261	0.001047
6262	0.001046
6263	0.001046
6264	0.001046
6265	0.001046
6266	0.001046
6267	0.001046
6268	0.001045
6269	0.001045
6270	0.001045
6271	0.001045
6272	0.001045
6273	0.001044
6274	0.001044
6275	0.001044
6276	0.001044
6277	0.001044
6278	0.001044
6279	0.001043
6280	0.001043
6281	0.001043
6282	0.001043
6283	0.001043
6284	0.001043
6285	0.001042
6286	0.001042
6287	0.001042
6288	0.001042
6289	0.001042
6290	0.001042
6291	0.001041
6292	0.001041
6293	0.001041
6294	0.001041
6295	0.001041
6296	0.001041
6297	0.001040
6298	0.001040
6299	0.001040
6300	0.001040
6301	0.001040
6302	0.001040
6303	0.001039
6304	0.001039
6305	0.001039
6306	0.001039
6307	0.001039
6308	0.001039
6309	0.001038
6310	0.001038
6311	0.001038
6312	0.001038
6313	0.001038
6314	0.001038
6315	0.001037
6316	0.001037
6317	0.001037
6318	0.001037
6319	0.001037
6320	0.001037
6321	0.001036
6322	0.001036
6323	0.001036
6324	0.001036
6325	0.001036
6326	0.001036
6327	0.001035
6328	0.001035
6329	0.001035
6330	0.001035
6331	0.001035
6332	0.001034
6333	0.001034
6334	0.001034
6335	0.001034
6336	0.001034
6337	0.001034
6338	0.001033
6339	0.001033
6340	0.001033
6341	0.001033
6342	0.001033
6343	0.001033
6344	0.001032
6345	0.001032
6346	0.001032
6347	0.001032
6348	0.001032
6349	0.001032
6350	0.001031
6351	0.001031
6352	0.001031
6353	0.001031
6354	0.001031
6355	0.001031
6356	0.001030
6357	0.001030
6358	0.001030
6359	0.001030
6360	0.001030
6361	0.001030
6362	0.001029
6363	0.001029
6364	0.001029
6365	0.001029
6366	0.001029
6367	0.001029
6368	0.001028
6369	0.001028
6370	0.001028
6371	0.001028
6372	0.001028
6373	0.001028
6374	0.001027
6375	0.001027
6376	0.001027
6377	0.001027
6378	0.001027
6379	0.001027
6380	0.001026
6381	0.001026
6382	0.001026
6383	0.001026
6384	0.001026
6385	0.001026
6386	0.001026
6387	0.001025
6388	0.001025
6389	0.001025
6390	0.001025
6391	0.001025
6392	0.001025
6393	0.001024
6394	0.001024
6395	0.001024
6396	0.001024
6397	0.001024
6398	0.001024
6399	0.001023
6400	0.001023
6401	0.001023
6402	0.001023
6403	0.001023
6404	0.001023
6405	0.001022
6406	0.001022
6407	0.001022
6408	0.001022
6409	0.001022
6410	0.001022
6411	0.001021
6412	0.001021
6413	0.001021
6414	0.001021
6415	0.001021
6416	0.001021
6417	0.001020
6418	0.001020
6419	0.001020
6420	0.001020
6421	0.001020
6422	0.001020
6423	0.001019
6424	0.001019
6425	0.001019
6426	0.001019
6427	0.001019
6428	0.001019
6429	0.001018
6430	0.001018
6431	0.001018
6432	0.001018
6433	0.001018
6434	0.001018
6435	0.001017
6436	0.001017
6437	0.001017
6438	0.001017
6439	0.001017
6440	0.001017
6441	0.001017
6442	0.001016
6443	0.001016
6444	0.001016
6445	0.001016
6446	0.001016
6447	0.001016
6448	0.001015
6449	0.001015
6450	0.001015
6451	0.001015
6452	0.001015
6453	0.001015
6454	0.001014
6455	0.001014
6456	0.001014
6457	0.001014
6458	0.001014
6459	0.001014
6460	0.001013
6461	0.001013
6462	0.001013
6463	0.001013
6464	0.001013
6465	0.001013
6466	0.001012
6467	0.001012
6468	0.001012
6469	0.001012
6470	0.001012
6471	0.001012
6472	0.001012
6473	0.001011
6474	0.001011
6475	0.001011
6476	0.001011
6477	0.001011
6478	0.001011
6479	0.001010
6480	0.001010
6481	0.001010
6482	0.001010
6483	0.001010
6484	0.001010
6485	0.001009
6486	0.001009
6487	0.001009
6488	0.001009
6489	0.001009
6490	0.001009
6491	0.001008
6492	0.001008
6493	0.001008
6494	0.001008
6495	0.001008
6496	0.001008
6497	0.001008
6498	0.001007
6499	0.001007
6500	0.001007
6501	0.001007
6502	0.001007
6503	0.001007
6504	0.001006
6505	0.001006
6506	0.001006
6507	0.001006
6508	0.001006
6509	0.001006
6510	0.001005
6511	0.001005
6512	0.001005
6513	0.001005
6514	0.001005
6515	0.001005
6516	0.001004
6517	0.001004
6518	0.001004
6519	0.001004
6520	0.001004
6521	0.001004
6522	0.001004
6523	0.001003
6524	0.001003
6525	0.001003
6526	0.001003
6527	0.001003
6528	0.001003
6529	0.001002
6530	0.001002
6531	0.001002
6532	0.001002
6533	0.001002
6534	0.001002
6535	0.001001
6536	0.001001
6537	0.001001
6538	0.001001
6539	0.001001
6540	0.001001
6541	0.001001
6542	0.001000
6543	0.001000
6544	0.001000
6545	0.001000
