-0.031703
0.774592
0.101319
0.352808
0.415300
0.612096
0.632881
-0.047086
0.931076
0.877675
0.621332
0.762659
0.637887
0.987506
0.642703
0.671291
0.034321
1.027775
0.048576
0.958738
0.294157
0.794446
-0.197585
0.876149
0.155484
0.152563
0.320684
0.501230
0.026352
0.125652
0.475033
0.419564
0.473275
0.426387
0.726288
0.856401
0.601444
0.162425
0.360262
0.123480
0.831961
0.327607
0.104490
0.776784
0.479015
0.385984
0.829939
0.456613
0.687301
0.533131
0.512140
0.820653
0.384096
0.793219
0.707818
-0.256194
1.081514
-0.069360
0.139247
-0.043250
0.702325
0.474118
-0.024947
0.715260
0.366577
0.469535
0.318575
0.162632
0.848808
0.189617
0.793124
-0.003519
0.546812
0.951888
0.825916
0.837756
0.779082
1.006535
0.373155
0.983437
0.715319
0.954557
0.807999
0.230805
0.512292
0.484731
0.641232
0.818997
-0.009787
0.683108
0.257245
0.041747
0.980603
0.386537
0.539185
0.573368
0.413139
0.298047
0.730138
0.585827
0.892277
0.546989
0.481465
0.824400
0.344075
0.560746
0.512957
0.184096
0.474189
0.678176
0.433832
-0.382682
0.776260
-0.051442
0.611526
1.208078
-0.323147
-0.294456
0.030165
0.201231
-0.455563
