0.433711
0.840764
0.160769
0.533240
1.029835
0.496375
0.489165
0.681948
0.662651
0.232080
0.684681
0.359735
0.865627
0.464023
0.532551
0.287915
0.874731
0.480478
0.961677
0.868228
0.017691
0.744294
0.373999
0.046881
0.623323
0.580850
0.436624
0.264023
0.520742
0.683208
0.249878
0.860210
0.747533
0.439034
0.524447
0.599307
0.504577
0.097554
0.465705
0.042897
0.516804
0.340044
0.724968
0.742750
1.130490
0.506690
0.212486
0.631092
0.052452
1.168803
0.675341
0.174113
0.474534
-0.445779
0.466747
0.687563
0.070573
-0.268370
-0.218302
2.137081
-0.277173
