0.704573
-0.033461
0.496858
0.496504
0.522927
0.270564
-0.039660
0.011879
0.874965
0.441453
0.621941
0.626921
0.537243
0.106057
0.437297
-0.033456
1.019531
0.064935
0.288461
0.120600
1.014265
0.763996
0.248923
0.385840
0.116675
0.407848
0.923983
0.220293
0.223068
-0.262162
0.928038
0.226940
0.753865
0.679399
0.503652
0.175963
0.143519
0.161733
1.034428
0.428047
0.074539
0.993532
0.420101
0.725321
0.611465
0.622299
0.075502
0.827728
0.223335
0.083481
0.577512
0.408250
0.641989
0.677307
0.508691
0.020743
0.933776
0.657491
0.099082
0.615256
-0.055965
0.138914
1.642859
-0.056747
0.048016
0.243040
0.130102
-0.198260
-0.030144
0.171189
0.283338
0.636116
0.246544
0.531383
0.670299
0.251450
0.862058
0.116276
0.054002
0.613317
0.170912
-0.088824
1.164162
0.322967
0.446276
0.502369
0.183709
0.710861
-0.240557
0.097746
0.308633
0.212260
-0.860304
-2.293760
0.306615
0.099226
0.173511
