0.566695
0.434263
0.843769
0.404801
0.382215
0.009205
0.645672
1.004889
0.846952
0.614274
0.130519
0.954796
0.754059
0.497811
0.454616
0.670074
0.559859
0.074394
0.426491
0.577112
0.066743
0.090314
-0.016332
0.275589
0.885217
0.950488
0.580538
0.124287
0.538324
0.931692
0.518788
0.628422
0.149972
0.352933
0.221547
-0.565914
-0.206229
0.123244
0.995881
0.549827
0.159362
0.134475
0.339627
0.240007
0.870434
0.365173
-0.184868
0.255617
0.698809
0.922814
0.841160
0.978086
0.035563
0.610140
0.050812
1.004500
0.100938
0.805250
0.836865
0.107891
0.391524
0.007718
0.661085
0.226710
0.581173
0.092713
0.102009
0.837466
0.395550
0.196427
-0.062138
0.365503
1.013607
0.313273
0.412881
0.282958
0.271302
0.599500
0.217690
0.756972
0.666064
0.677242
0.478115
0.474526
0.554878
0.443577
0.443262
0.160874
0.013557
0.398227
0.522359
0.727941
0.348331
0.814079
0.245169
0.490368
0.432561
0.600182
0.130129
0.962186
0.648904
0.224469
0.607684
0.078467
0.265775
0.851691
0.960124
0.689071
0.322264
0.102029
0.255756
0.208023
0.402197
0.722779
-0.021724
0.222758
0.347750
0.591382
0.655302
1.052001
0.066277
1.001053
0.530381
0.161184
0.448429
0.558340
0.794179
0.459643
1.010024
0.159026
1.116549
0.108306
0.511276
-0.040556
0.240213
0.325986
0.480372
0.900289
0.581057
0.747104
0.469674
0.796141
-0.100460
0.933705
0.718149
0.875414
0.471717
0.683427
0.816898
0.585686
0.090560
0.346612
0.356380
0.078865
0.964791
0.270946
0.012402
0.303747
0.960628
0.650051
0.088036
0.490978
0.412798
0.307986
0.089264
-0.232387
0.040287
-0.314646
1.703828
0.408429
-0.158884
0.557535
-0.545442
0.133058
-0.247250
0.185375
0.677605
0.665923
-0.289685
-0.102408
0.262080
