0.754733
0.339374
0.159504
0.120676
0.997742
0.287586
0.685222
0.798922
0.953063
0.158859
0.584156
0.142697
0.328460
0.680224
0.328548
0.648606
0.021767
0.575141
0.932614
0.382402
0.516867
0.392811
0.424420
0.764391
0.919897
0.492329
-0.017454
0.160128
-0.052725
0.808852
0.399741
0.768854
0.435317
0.589876
0.946254
0.325197
0.792639
0.129244
0.350659
0.150996
0.960824
0.095291
0.124916
0.403885
0.328460
0.207229
0.361426
0.074007
0.618787
-0.055792
0.106399
0.144727
0.916051
0.443211
0.441556
0.614058
0.293478
0.300507
0.460891
0.781830
0.335419
0.624139
0.793523
0.186011
0.991115
0.373103
0.560686
0.831204
0.896189
0.932890
0.653405
0.016001
0.392141
0.812612
-0.036313
0.537731
0.341274
-0.024987
-0.726460
-0.121935
-0.416398
-0.328978
-0.756731
-0.655536
0.909743
