0.640546
0.204153
0.114152
0.633922
0.069943
0.389717
0.107098
0.764940
0.330458
-0.016350
0.927348
0.560899
0.816634
0.479202
0.381744
0.014182
1.042764
0.554105
0.569009
0.502045
0.527558
0.811225
0.900775
0.279754
-0.355028
0.326917
0.544588
0.737456
0.579939
0.432562
-0.345753
0.239563
1.119831
0.009249
0.409906
0.717600
0.530136
0.044619
1.115006
1.098058
0.329328
0.430601
0.646045
0.822350
0.791025
0.079870
0.063805
0.012932
0.519908
0.668294
0.983302
0.995779
-0.220164
0.586372
0.853363
0.395882
0.892476
0.326751
0.483025
0.637779
0.669865
0.313064
0.277893
0.904640
0.373165
0.848828
0.455598
0.593085
1.406289
0.478735
0.831224
-0.363020
0.625844
