0.992000
0.996000
1.000000
0.852000
1.000000
1.000000
1.000000
1.000000
0.996000
1.000000
0.968000
1.000000
0.988000
1.000000
1.000000
0.992000
0.992000
0.896000
1.000000
0.980000
1.000000
0.972000
0.996000
0.996000
1.000000
1.000000
0.996000
0.992000
0.988000
0.996000
1.000000
1.000000
0.992000
1.000000
1.000000
0.996000
0.996000
1.000000
0.996000
1.000000
1.000000
0.996000
1.000000
0.996000
1.000000
0.996000
0.996000
1.000000
1.000000
1.000000
1.000000
1.000000
0.996000
0.996000
0.996000
0.996000
0.996000
0.960000
1.000000
1.000000
0.118000
