0.314000
0.997000
0.951000
0.285000
0.336000
0.974000
0.348000
0.939000
0.948000
0.958000
0.282000
0.315000
0.409000
0.350000
0.358000
0.973000
0.327000
0.396000
0.341000
0.250000
0.249000
0.282000
0.995000
0.969000
0.977000
0.942000
0.343000
0.382000
0.312000
0.981000
0.252000
0.319000
0.440000
0.295000
0.339000
0.328000
0.336000
0.302000
0.912000
0.310000
0.991000
0.353000
0.388000
0.316000
0.963000
0.299000
0.988000
0.978000
0.966000
0.938000
0.336000
0.266000
0.968000
0.980000
0.380000
0.397000
0.272000
0.989000
0.276000
0.174000
0.245000
0.374000
0.379000
0.277000
0.985000
0.248000
0.970000
0.947000
0.312000
0.966000
0.965000
0.441000
0.310000
0.313000
0.271000
0.198000
0.992000
0.945000
0.321000
0.300000
0.983000
0.977000
0.987000
0.327000
0.973000
0.959000
0.357000
0.269000
0.987000
0.314000
0.259000
0.987000
0.373000
0.327000
0.976000
0.981000
0.971000
0.397000
0.981000
0.278000
0.978000
0.634000
0.296000
0.366000
0.944000
0.976000
0.977000
0.452000
0.324000
0.905000
0.326000
0.338000
0.995000
0.367000
0.265000
0.300000
0.256000
0.356000
0.943000
0.990000
0.216000
0.223000
0.302000
0.281000
0.487000
0.400000
0.958000
0.375000
0.214000
0.937000
0.232000
0.203000
0.971000
0.436000
0.305000
0.968000
0.974000
0.325000
0.295000
0.352000
0.294000
0.264000
0.332000
0.387000
0.993000
0.348000
0.975000
0.990000
0.309000
0.514000
0.320000
0.330000
0.955000
0.940000
0.263000
0.284000
0.255000
0.317000
0.295000
0.980000
0.446000
0.247000
0.439000
0.405000
0.975000
0.980000
0.970000
0.491000
0.292000
0.269000
0.985000
0.998000
0.930000
0.961000
0.966000
0.365000
0.455000
0.961000
0.963000
0.308000
0.225000
0.692000
0.304000
0.297000
0.254000
0.349000
0.984000
0.979000
0.256000
0.209000
0.329000
0.308000
0.298000
0.312000
0.419000
0.400000
0.987000
0.427000
0.979000
0.330000
0.973000
0.916000
0.241000
0.333000
0.994000
0.161000
0.350000
0.322000
0.372000
0.332000
0.294000
0.936000
0.943000
0.273000
0.300000
0.474000
0.278000
0.442000
0.372000
0.323000
0.978000
0.404000
0.988000
0.197000
0.977000
0.450000
0.985000
0.412000
0.352000
0.288000
0.925000
0.915000
0.376000
0.957000
0.374000
0.367000
0.950000
0.369000
0.356000
0.969000
0.357000
0.392000
0.971000
0.966000
0.978000
0.982000
0.345000
0.164000
0.240000
0.207000
0.461000
0.319000
0.454000
0.333000
0.198000
0.962000
0.371000
0.987000
0.291000
0.965000
0.970000
0.990000
0.967000
0.401000
0.426000
0.983000
0.947000
0.963000
0.985000
0.356000
0.384000
0.909000
0.915000
0.990000
0.334000
0.337000
0.378000
0.360000
0.984000
0.347000
0.393000
0.989000
0.996000
0.294000
0.302000
0.984000
0.351000
0.362000
0.955000
0.882000
0.977000
0.464000
0.980000
0.301000
0.428000
0.230000
0.958000
0.948000
0.451000
0.981000
0.311000
0.260000
0.420000
0.965000
0.322000
0.334000
0.303000
0.301000
0.408000
0.390000
0.968000
0.251000
0.392000
0.394000
0.974000
0.287000
0.226000
0.341000
0.365000
0.271000
0.043500
