0.372000
0.952000
0.976000
0.552000
0.968000
0.912000
0.984000
0.980000
0.964000
1.000000
0.980000
0.960000
0.688000
0.984000
0.496000
0.572000
0.600000
0.752000
0.936000
0.980000
0.428000
0.336000
0.484000
0.952000
0.224000
0.192000
0.624000
0.404000
0.308000
0.836000
0.232000
0.468000
0.980000
0.392000
0.996000
0.420000
0.356000
0.948000
0.976000
0.992000
0.972000
0.968000
0.380000
0.124000
0.492000
0.992000
0.364000
0.952000
0.984000
0.980000
0.964000
0.212000
0.984000
0.984000
1.000000
0.972000
0.280000
0.784000
0.996000
0.920000
0.984000
0.960000
0.960000
0.220000
0.988000
0.360000
0.332000
0.976000
0.232000
0.412000
0.392000
0.308000
0.332000
0.940000
1.000000
0.208000
0.652000
0.964000
0.976000
0.936000
0.972000
0.404000
0.960000
0.728000
0.772000
0.960000
0.856000
0.248000
0.948000
0.988000
0.058000
