0.436000
0.985000
0.990000
0.973000
0.994000
0.988000
0.948000
0.988000
0.989000
0.984000
0.977000
0.950000
0.992000
0.900000
0.980000
0.997000
0.991000
0.986000
0.981000
0.983000
0.985000
0.756000
0.991000
0.995000
0.977000
0.981000
0.995000
0.968000
0.917000
0.997000
0.990000
0.978000
0.992000
0.936000
0.903000
0.991000
0.344000
0.985000
0.961000
0.991000
0.968000
0.966000
0.981000
0.985000
0.995000
0.994000
0.993000
0.530000
0.394000
0.987000
0.975000
0.994000
0.995000
0.965000
0.217000
0.982000
0.983000
0.945000
0.993000
0.993000
0.975000
0.990000
0.970000
0.992000
0.994000
0.986000
0.984000
0.993000
0.995000
0.987000
0.977000
0.978000
0.978000
0.991000
0.380000
0.334000
0.996000
0.976000
0.996000
0.995000
0.996000
0.993000
0.963000
0.991000
0.993000
0.990000
0.405000
0.979000
0.989000
0.993000
0.993000
0.999000
0.985000
0.977000
0.994000
0.984000
0.976000
0.981000
0.995000
0.976000
0.383000
0.991000
0.989000
0.986000
0.971000
0.989000
0.969000
0.995000
0.994000
0.979000
0.993000
0.994000
0.935000
0.977000
0.977000
0.974000
0.994000
0.988000
0.972000
0.984000
0.984000
0.991000
0.992000
0.990000
0.993000
0.942000
0.977000
0.981000
0.978000
0.911000
0.977000
0.988000
0.966000
0.992000
0.992000
0.956000
0.395000
0.985000
0.959000
0.989000
0.974000
0.997000
0.914000
0.611000
0.986000
0.989000
0.953000
0.971000
0.991000
0.984000
0.989000
0.979000
0.993000
0.804000
0.819000
0.987000
0.969000
0.971000
0.992000
0.977000
0.972000
0.943000
0.994000
0.993000
0.997000
0.957000
0.946000
0.996000
0.990000
0.992000
0.998000
0.964000
0.913000
0.298000
0.975000
0.986000
0.348000
0.994000
0.995000
0.988000
0.974000
0.940000
0.973000
0.972000
0.975000
0.998000
0.990000
0.991000
0.992000
0.990000
0.976000
0.952000
0.968000
0.982000
0.420000
0.997000
0.947000
0.988000
0.991000
0.981000
0.967000
0.979000
0.971000
0.985000
0.982000
0.976000
0.993000
0.974000
0.988000
0.996000
0.960000
0.991000
0.992000
0.979000
0.989000
0.990000
0.933000
0.997000
0.992000
0.997000
0.960000
0.981000
0.997000
0.984000
0.989000
0.967000
0.984000
0.983000
0.974000
0.987000
0.989000
0.970000
0.435000
0.665000
0.396000
0.967000
0.989000
0.425000
0.986000
0.996000
0.991000
0.993000
0.993000
0.993000
0.987000
0.982000
0.999000
0.995000
0.984000
0.967000
0.988000
0.983000
0.995000
0.997000
0.982000
0.982000
0.984000
0.951000
0.992000
0.988000
0.482000
0.958000
0.954000
0.978000
0.993000
0.980000
0.977000
0.992000
0.994000
0.992000
0.983000
0.990000
0.978000
0.979000
0.940000
0.975000
0.989000
0.984000
0.987000
0.983000
0.095500
