0.984000
0.980000
0.972000
1.000000
1.000000
0.996000
0.996000
1.000000
0.996000
0.860000
1.000000
1.000000
0.996000
0.976000
0.996000
0.988000
1.000000
1.000000
1.000000
0.992000
1.000000
0.992000
1.000000
0.984000
0.996000
0.992000
0.992000
0.936000
0.976000
0.832000
0.984000
0.984000
1.000000
0.996000
0.992000
0.992000
0.996000
0.992000
0.620000
0.956000
0.940000
0.984000
0.960000
1.000000
0.996000
1.000000
0.984000
1.000000
1.000000
0.988000
0.988000
1.000000
0.976000
0.968000
0.988000
0.960000
0.872000
0.984000
1.000000
0.988000
0.996000
0.980000
0.988000
0.976000
0.940000
0.988000
0.984000
0.980000
0.984000
0.952000
0.126000
