0.310000
0.472000
0.456000
0.300000
0.318000
0.326000
0.216000
0.972000
0.408000
0.398000
0.504000
0.304000
0.358000
0.956000
0.376000
0.324000
0.314000
0.344000
0.408000
0.324000
0.830000
0.338000
0.294000
0.878000
0.194000
0.474000
0.394000
0.960000
0.266000
0.392000
0.946000
0.968000
0.312000
0.486000
0.394000
0.372000
0.416000
0.522000
0.534000
0.386000
0.264000
0.292000
0.318000
0.354000
0.414000
0.428000
0.246000
0.502000
0.540000
0.390000
0.392000
0.550000
0.894000
0.250000
0.302000
0.234000
0.432000
0.380000
0.966000
0.306000
0.532000
0.958000
0.384000
0.364000
0.232000
0.458000
0.394000
0.990000
0.982000
0.692000
0.556000
0.300000
0.488000
0.302000
0.734000
0.972000
0.462000
0.226000
0.312000
0.986000
0.492000
0.432000
0.220000
0.466000
0.368000
0.968000
0.308000
0.526000
0.328000
0.344000
0.472000
0.212000
0.356000
0.612000
0.384000
0.322000
0.502000
0.342000
0.908000
0.420000
0.338000
0.980000
0.364000
0.382000
0.274000
0.422000
0.528000
0.380000
0.220000
0.432000
0.966000
0.376000
0.416000
0.270000
0.976000
0.450000
0.422000
0.398000
0.416000
0.412000
0.972000
0.390000
0.292000
0.972000
0.416000
0.964000
0.354000
0.326000
0.286000
0.942000
0.366000
0.418000
0.366000
0.930000
0.298000
0.374000
0.266000
0.272000
0.990000
0.266000
0.464000
0.964000
0.992000
0.910000
0.984000
0.412000
0.300000
0.920000
0.432000
0.390000
0.984000
0.334000
0.702000
0.274000
0.376000
0.450000
0.574000
0.964000
0.458000
0.352000
0.632000
0.430000
0.570000
0.292000
0.964000
0.258000
0.506000
0.416000
0.318000
0.356000
0.324000
0.214000
0.810000
0.332000
0.296000
0.774000
0.996000
0.234000
0.260000
0.584000
0.085000
