1.000000
0.996000
0.998000
0.994000
0.998000
0.998000
0.998000
0.994000
0.998000
0.998000
0.986000
0.998000
1.000000
1.000000
0.996000
0.994000
0.998000
0.990000
0.984000
0.998000
0.990000
0.996000
0.944000
0.998000
0.998000
1.000000
1.000000
1.000000
0.990000
0.996000
0.998000
0.976000
0.996000
0.990000
0.978000
0.986000
1.000000
1.000000
0.992000
1.000000
0.992000
1.000000
0.990000
0.990000
1.000000
1.000000
0.998000
0.998000
0.998000
0.992000
1.000000
1.000000
1.000000
1.000000
0.998000
1.000000
0.994000
0.992000
1.000000
0.988000
0.996000
0.996000
0.990000
0.988000
0.996000
0.996000
1.000000
0.998000
0.996000
0.992000
1.000000
1.000000
1.000000
0.990000
0.990000
1.000000
1.000000
1.000000
0.990000
0.996000
0.996000
1.000000
0.996000
0.996000
0.998000
0.996000
1.000000
1.000000
1.000000
1.000000
1.000000
0.998000
0.992000
0.996000
0.990000
0.984000
0.998000
1.000000
1.000000
0.998000
0.988000
0.992000
0.988000
0.976000
0.988000
0.996000
0.998000
0.996000
0.994000
0.998000
0.996000
0.998000
0.992000
0.992000
0.994000
0.998000
0.998000
0.994000
0.988000
0.996000
0.049000
