0.985000
0.991000
0.991000
0.996000
0.991000
0.998000
0.996000
0.999000
0.998000
0.996000
0.995000
0.988000
1.000000
0.996000
0.996000
0.997000
0.995000
0.992000
0.989000
0.999000
0.980000
0.982000
0.987000
0.994000
0.990000
0.997000
0.992000
0.992000
0.998000
0.990000
0.990000
0.999000
0.987000
0.988000
0.998000
0.996000
0.997000
1.000000
0.991000
0.975000
0.991000
0.994000
0.999000
0.996000
0.999000
0.971000
0.989000
0.991000
0.997000
0.998000
0.996000
0.992000
0.988000
0.994000
0.999000
0.992000
0.992000
0.995000
0.988000
0.995000
0.996000
0.980000
0.983000
0.994000
0.992000
0.997000
0.996000
1.000000
0.987000
0.982000
0.994000
0.996000
0.998000
0.975000
0.998000
0.993000
0.999000
0.997000
0.993000
0.990000
0.998000
0.997000
0.994000
0.995000
0.982000
0.995000
0.998000
0.999000
0.984000
0.983000
0.988000
0.993000
0.999000
0.997000
0.996000
0.993000
0.999000
0.993000
0.994000
0.991000
0.999000
1.000000
0.992000
0.998000
0.991000
0.993000
0.985000
0.993000
1.000000
0.997000
0.995000
0.993000
0.966000
0.992000
0.996000
0.997000
0.991000
0.992000
0.992000
0.996000
0.997000
0.973000
0.997000
0.994000
0.998000
0.997000
0.997000
0.995000
0.972000
0.994000
0.995000
0.998000
0.999000
0.997000
0.997000
0.997000
0.999000
0.997000
0.982000
0.998000
0.990000
0.993000
0.984000
0.990000
0.995000
0.992000
0.994000
0.995000
0.997000
0.994000
0.997000
0.979000
0.995000
0.986000
0.993000
0.989000
0.989000
0.996000
0.999000
0.995000
1.000000
0.998000
0.988000
0.991000
0.989000
0.993000
0.980000
0.993000
0.996000
0.999000
0.997000
0.993000
0.995000
0.996000
0.995000
0.998000
0.996000
0.991000
0.989000
1.000000
1.000000
0.994000
1.000000
0.997000
0.990000
0.995000
0.996000
0.996000
0.996000
0.999000
0.998000
0.998000
0.997000
0.995000
0.995000
0.999000
0.998000
0.997000
0.987000
0.989000
0.998000
0.994000
0.987000
0.998000
0.996000
0.998000
0.992000
0.997000
1.000000
0.936000
0.996000
1.000000
0.991000
0.986000
0.993000
0.993000
0.995000
0.994000
0.997000
0.998000
0.998000
0.997000
0.994000
0.989000
0.998000
0.993000
0.997000
0.997000
0.997000
0.994000
0.960000
0.995000
0.994000
0.992000
0.991000
0.997000
0.994000
0.994000
0.996000
0.992000
0.058500
