0.992000
0.992000
1.000000
0.992000
0.892000
0.768000
0.980000
0.952000
0.996000
0.996000
0.984000
0.984000
0.964000
0.952000
0.740000
0.992000
0.988000
1.000000
0.984000
0.856000
0.960000
0.972000
0.996000
0.996000
0.980000
1.000000
0.908000
0.996000
0.992000
0.992000
1.000000
0.980000
0.988000
0.536000
0.948000
0.996000
0.948000
0.404000
0.872000
1.000000
0.296000
0.388000
0.716000
0.996000
0.980000
0.988000
0.940000
1.000000
0.472000
0.988000
0.620000
0.892000
0.412000
0.428000
0.404000
0.356000
0.680000
1.000000
0.916000
1.000000
0.992000
0.976000
0.980000
0.460000
1.000000
1.000000
0.360000
0.988000
0.976000
0.884000
0.492000
0.944000
1.000000
0.996000
1.000000
0.796000
0.988000
0.508000
0.980000
0.980000
0.074000
