0.992000
0.986000
0.982000
0.272000
0.990000
0.996000
0.966000
0.962000
0.990000
0.552000
0.436000
0.994000
0.992000
0.986000
0.966000
0.986000
0.912000
0.420000
0.972000
0.994000
0.276000
0.984000
0.988000
0.714000
0.378000
0.650000
0.482000
0.444000
0.970000
0.984000
0.952000
0.970000
0.990000
0.338000
0.582000
0.984000
0.992000
0.982000
0.980000
0.996000
0.996000
0.374000
0.994000
0.986000
0.966000
0.960000
1.000000
0.916000
0.978000
0.966000
0.970000
0.970000
0.962000
0.284000
0.982000
0.994000
0.506000
0.984000
0.482000
0.990000
0.982000
0.958000
0.978000
0.398000
0.960000
0.968000
0.992000
0.984000
0.976000
0.264000
0.986000
0.370000
0.990000
0.460000
0.956000
0.986000
0.958000
0.968000
0.944000
0.960000
0.372000
1.000000
0.990000
0.990000
0.412000
0.970000
0.982000
0.302000
0.986000
0.332000
0.536000
0.994000
0.952000
0.522000
0.838000
0.988000
0.930000
0.982000
0.990000
0.992000
0.988000
0.972000
0.960000
0.932000
0.522000
0.960000
0.972000
0.976000
0.384000
0.518000
0.476000
0.936000
0.938000
0.186000
0.970000
0.954000
0.960000
0.984000
0.376000
0.916000
0.994000
0.954000
0.956000
0.994000
0.996000
0.426000
0.968000
0.944000
0.980000
0.926000
0.974000
0.336000
0.994000
0.964000
0.966000
0.970000
0.566000
0.960000
0.468000
0.950000
0.546000
0.902000
0.440000
0.572000
0.362000
0.408000
0.938000
0.414000
0.976000
0.976000
0.984000
0.994000
0.998000
0.968000
0.992000
0.604000
0.938000
0.420000
0.982000
0.554000
0.129000
